_C_6382_506e733c_160 cc 0 150 1 0 496e632e 0 6d732c20 0 79737465 0 676e2053 0 44657369 0 6e636520 0 43616465 0 30313220 0 30372d32 0 29203230 0 2843 
_C_6382_506e733c_5e cc 0 98 1 0 656e6365 0 73657175 0 706c655f 0 5f73696d 0 75766d 
_C_6382_506e733c_266 cc 0 c0 1 0 61702027 0 696e206d 0 72656420 0 20736861 0 206e6f74 0 27206973 
_C_6382_506e733c_1af cc 0 28 1 0 65736574 0 72 
_C_6382_506e733c_22c cc 0 50 1 0 4c455445 0 434f4d50 0 494e 
_C_6382_506e733c_a8 8c 0 30 0 0 73253062 0 2530 
_C_6382_506e733c_ad 8c 0 30 0 0 73253078 0 2530 
_C_6382_506e733c_1a7 cc 0 28 1 0 6865636b 0 63 
_C_6382_506e733c_b0 8c 0 138 0 0 282a290a 0 696f6e20 0 726d6174 0 496e666f 0 69646520 0 76657272 0 7279204f 0 6163746f 0 23232046 0 a2323 
_C_6382_506e733c_ac 8c 0 30 0 0 73253074 0 2530 
_C_6382_506e733c_1d9 cc 0 80 1 0 7461696c 0 675f6465 0 7264696e 0 7265636f 
_C_6382_506e733c_ab 8c 0 30 0 0 73253073 0 2530 
_C_6382_506e733c_c6 8c 0 c8 0 0 6f25306f 0 203d2027 0 20726873 0 306f203a 0 20276f25 0 6873203d 0 6c 
_C_6382_506e733c_221 cc 0 38 1 0 6d616e64 0 636f6d 
_C_6382_506e733c_1a0 cc 0 90 1 0 74696f6e 0 626f7261 0 5f656c61 0 645f6f66 0 656e 
_C_6382_506e733c_b3 8c 0 d8 0 0 7265640a 0 756e7465 0 656e636f 0 6f727920 0 66616374 0 74686520 0 272c20 
_C_6382_506e733c_c3 8c 0 30 0 0 2323230a 0 a23 
_C_6382_506e733c_1e0 cc 0 30 1 0 43484c44 0 4244 
_C_6382_506e733c_96 cc 0 48 1 0 6e742829 0 65745f69 0 73 
_C_6382_506e733c_d3 8c 0 148 0 0 3a253564 0 74732020 0 65706f72 0 414c2072 0 5f464154 0 2055564d 0 6f746564 0 2064656d 0 72206f66 0 756d6265 0 4e 
_C_6382_506e733c_cd 8c 0 98 0 0 40253064 0 2e202573 0 64207673 0 73402530 0 257325 
_C_6382_506e733c_90 c4 0 fe0 0 0 0 0 0 0 0 0 0 0 0 0 0 0 0 0 0 0 0 0 0 0 0 0 0 0 0 0 0 0 0 0 0 0 0 0 0 0 0 0 0 0 0 0 0 0 0 0 0 0 0 0 0 0 0 0 0 0 0 0 0 0 0 0 0 0 0 0 0 0 0 0 0 0 0 0 0 0 0 0 0 0 0 0 0 0 0 0 0 0 0 0 0 0 0 0 0 0 0 0 0 0 0 0 0 0 0 0 0 0 0 0 0 0 0 0 0 0 0 0 0 0 0 0 0 0 0 0 0 0 0 0 0 0 0 0 0 0 0 0 0 0 0 0 0 0 0 0 0 0 0 0 0 0 0 0 0 0 0 0 0 0 0 0 0 0 0 0 0 0 0 0 0 0 0 0 0 0 0 0 0 0 0 0 0 0 0 0 0 0 0 0 0 0 0 0 0 0 0 0 0 0 0 0 0 0 0 0 0 0 0 0 0 0 0 0 0 0 0 0 0 0 0 0 0 0 0 0 0 0 0 0 0 0 0 0 0 0 0 0 0 0 0 0 0 0 0 0 0 0 0 0 0 0 0 
_C_6382_506e733c_109 cc 0 30 1 0 53434d50 0 4d49 
_C_6382_506e733c_1 8c 0 248 0 0 75657374 0 20726571 0 20676574 0 72696e67 0 49676e6f 0 30642e20 0 7a652025 0 66207369 0 7565206f 0 20717565 0 20666f72 0 616e6765 0 6f662072 0 6f757420 0 64657820 0 6e20696e 0 67697665 0 65743a20 0 67 
_C_6382_506e733c_111 cc 0 1d0 1 0 6b757020 0 206c6f6f 0 61736564 0 6e672d62 0 73747269 0 204e6f20 0 6f72792e 0 66616374 0 69746820 0 65642077 0 73746572 0 72656769 0 61647920 0 616c7265 0 2720 
_C_6382_506e733c_9d cc 0 30 1 0 6e677468 0 6c65 
_C_6382_506e733c_12d cc 0 28 1 0 616c7565 0 56 
_C_6382_506e733c_1b2 cc 0 b8 1 0 68617365 0 72655f70 0 66696775 0 5f636f6e 0 5f707265 0 75766d 
_C_6382_506e733c_57 cc 0 40 1 0 7478743d 0 20636f6e 
_C_6382_506e733c_b6 8c 0 c8 0 0 65642e0a 0 676e6f72 0 61732069 0 61742077 0 68207468 0 6d617463 0 a 
_C_6382_506e733c_a1 cc 0 60 1 0 72616c29 0 6e746567 0 64612869 
_C_6382_506e733c_1a1 cc 0 e8 1 0 68617365 0 6f6e5f70 0 6c617469 0 73696d75 0 5f6f665f 0 74617274 0 766d5f73 0 75 
_C_6382_506e733c_145 c4 0 fff 0 0 0 0 0 0 0 0 0 0 0 0 0 0 0 0 0 0 0 0 0 0 0 0 0 0 0 0 0 0 0 0 0 0 0 0 0 0 0 0 0 0 0 0 0 0 0 0 0 0 0 0 0 0 0 0 0 0 0 0 0 0 0 0 0 0 0 0 0 0 0 0 0 0 0 0 0 0 0 0 0 0 0 0 0 0 0 0 0 0 0 0 0 0 0 0 0 0 0 0 0 0 0 0 0 0 0 0 0 0 0 0 0 0 0 0 0 0 0 0 0 0 0 0 0 0 0 0 0 0 0 0 0 0 0 0 0 0 0 0 0 0 0 0 0 0 0 0 0 0 0 0 0 0 0 0 0 0 0 0 0 0 0 0 0 0 0 0 0 0 0 0 0 0 0 0 0 0 0 0 0 0 0 0 0 0 0 0 0 0 0 0 0 0 0 0 0 0 0 0 0 0 0 0 0 0 0 0 0 0 0 0 0 0 0 0 0 0 0 0 0 0 0 0 0 0 0 0 0 0 0 0 0 0 0 0 0 0 0 0 0 0 0 0 0 0 0 0 0 0 0 0 0 0 0 0 0 
_C_6382_506e733c_9b c4 0 ff8 0 0 0 0 0 0 0 0 0 0 0 0 0 0 0 0 0 0 0 0 0 0 0 0 0 0 0 0 0 0 0 0 0 0 0 0 0 0 0 0 0 0 0 0 0 0 0 0 0 0 0 0 0 0 0 0 0 0 0 0 0 0 0 0 0 0 0 0 0 0 0 0 0 0 0 0 0 0 0 0 0 0 0 0 0 0 0 0 0 0 0 0 0 0 0 0 0 0 0 0 0 0 0 0 0 0 0 0 0 0 0 0 0 0 0 0 0 0 0 0 0 0 0 0 0 0 0 0 0 0 0 0 0 0 0 0 0 0 0 0 0 0 0 0 0 0 0 0 0 0 0 0 0 0 0 0 0 0 0 0 0 0 0 0 0 0 0 0 0 0 0 0 0 0 0 0 0 0 0 0 0 0 0 0 0 0 0 0 0 0 0 0 0 0 0 0 0 0 0 0 0 0 0 0 0 0 0 0 0 0 0 0 0 0 0 0 0 0 0 0 0 0 0 0 0 0 0 0 0 0 0 0 0 0 0 0 0 0 0 0 0 0 0 0 0 0 0 0 0 0 0 0 0 0 0 0 0 
_C_6382_506e733c_7b cc 0 18 1 0 29203f 
_C_6382_506e733c_4d d4 0 20 0 0 c8 
_C_6382_506e733c_e2 8c 0 2f8 0 0 22257322 0 20746f20 0 6e676564 0 20636861 0 74206265 0 6c206e6f 0 2077696c 0 6e616d65 0 656e7420 0 6d706f6e 0 6520636f 0 2e205468 0 6e656e74 0 6f6d706f 0 20612063 0 65206f66 0 206e616d 0 20746865 0 616e6765 0 6f206368 0 616c2074 0 6c6c6567 0 69732069 0 497420 
_C_6382_506e733c_87 cc 0 48 1 0 61636572 0 625f7472 0 63 
_C_6382_506e733c_26e cc 0 108 1 0 636b6564 0 756e7061 0 20626520 0 6e6e6f74 0 64206361 0 6669656c 0 64656c20 0 65674d6f 0 52 
_C_6382_506e733c_f0 8c 0 1b0 0 0 3d202573 0 72687320 0 2025730a 0 6873203d 0 273a0a6c 0 20272573 0 20616e64 0 27257327 0 65656e20 0 62657477 0 61726520 0 636f6d70 0 206d6973 0 4750 
_C_6382_506e733c_e0 8c 0 130 0 0 2c202573 0 27257327 0 206f6620 0 68696c64 0 20612063 0 27206173 0 20272573 0 20736574 0 6e6e6f74 0 4361 
_C_6382_506e733c_127 84 0 fc0 0 0 0 0 0 0 0 0 0 0 0 0 0 0 0 0 0 0 0 0 0 0 0 0 0 0 0 0 0 0 0 0 0 0 0 0 0 0 0 0 0 0 0 0 0 0 0 0 0 0 0 0 0 0 0 0 0 0 0 0 0 0 0 0 0 0 0 0 0 0 0 0 0 0 0 0 0 0 0 0 0 0 0 0 0 0 0 0 0 0 0 0 0 0 0 0 0 0 0 0 0 0 0 0 0 0 0 0 0 0 0 0 0 0 0 0 0 0 0 0 0 0 0 0 0 0 0 0 0 0 0 0 0 0 0 0 0 0 0 0 0 0 0 0 0 0 0 0 0 0 0 0 0 0 0 0 0 0 0 0 0 0 0 0 0 0 0 0 0 0 0 0 0 0 0 0 0 0 0 0 0 0 0 0 0 0 0 0 0 0 0 0 0 0 0 0 0 0 0 0 0 0 0 0 0 0 0 0 0 0 0 0 0 0 0 0 0 0 0 0 0 0 0 0 0 0 0 0 0 0 0 0 0 0 0 0 0 0 0 0 0 0 0 0 0 0 0 0 0 0 0 0 0 
_C_6382_506e733c_58 cc 0 30 1 0 54545950 0 4643 
_C_6382_506e733c_11c cc 0 318 1 0 20202020 0 20202020 0 20202020 0 20202020 0 20202020 0 20202020 0 20202020 0 20202020 0 20202020 0 20202020 0 20202020 0 20202020 0 20202020 0 20202020 0 20202020 0 20202020 0 20202020 0 20202020 0 20202020 0 20202020 0 20202020 0 20202020 0 20202020 0 20202020 0 202020 
_C_6382_506e733c_89 cc 0 58 1 0 524e414c 0 494e5445 0 43422f 
_C_6382_506e733c_179 cc 0 f8 1 0 2e737668 0 68617365 0 766d5f70 0 73652f75 0 632f6261 0 2e2f7372 0 2e2e2f2e 0 2e2e2f 
_C_6382_506e733c_228 cc 0 68 1 0 5f415252 0 44415441 0 41434b5f 0 50 
_C_6382_506e733c_14d cc 0 48 1 0 2a5e2a23 0 40262a5e 0 2a 
_C_6382_506e733c_41 cc 0 40 1 0 706f6f6c 0 75766d5f 
_C_6382_506e733c_75 cc 0 c8 1 0 5f736571 0 63657373 0 645f6163 0 68617265 0 656d5f73 0 766d5f6d 0 75 
_C_6382_506e733c_d4 8c 0 148 0 0 3a253564 0 74732020 0 65706f72 0 4f522072 0 5f455252 0 2055564d 0 6f746564 0 2064656d 0 72206f66 0 756d6265 0 4e 
_C_6382_506e733c_267 cc 0 90 1 0 30645d3d 0 30643a25 0 25735b25 0 20257320 0 2573 
_C_6382_506e733c_c1 8c 0 190 0 0 25307327 0 70652027 0 66207479 0 6374206f 0 6f626a65 0 20616e20 0 64756365 0 2070726f 0 77696c6c 0 6f727920 0 66616374 0 54686520 0 2020 
_C_6382_506e733c_10f cc 0 1a8 1 0 746f7279 0 20666163 0 20746865 0 77697468 0 65637420 0 206f626a 0 6e756c6c 0 72206120 0 69737465 0 20726567 0 6720746f 0 7074696e 0 7474656d 0 41 
_C_6382_506e733c_1e3 cc 0 50 1 0 4449554d 0 4d5f4d45 0 5556 
_C_6382_506e733c_181 cc 0 1f8 1 0 6f646573 0 6e64206e 0 74682065 0 72207769 0 652c206f 0 206e6f64 0 20656e64 0 66746572 0 652c2061 0 206e6f64 0 6567696e 0 72652062 0 6265666f 0 61646420 0 6e6f7420 0 63616e 
_C_6382_506e733c_1c5 cc 0 68 1 0 524e414c 0 494e5445 0 4f4d502f 0 43 
_C_6382_506e733c_26d cc 0 f8 1 0 636b6564 0 65207061 0 6f742062 0 63616e6e 0 656c6420 0 6c206669 0 4d6f6465 0 526567 
_C_6382_506e733c_19b cc 0 78 1 0 68617365 0 6c645f70 0 5f627569 0 75766d 
_C_6382_506e733c_2c cc 0 38 1 0 67696e74 0 6c6f6e 
_C_6382_506e733c_1e6 cc 0 a8 1 0 72757074 0 6e746572 0 6f705f69 0 655f7374 0 6e61626c 0 65 
_C_6382_506e733c_229 84 0 fe0 0 0 0 0 0 0 0 0 0 0 0 0 0 0 0 0 0 0 0 0 0 0 0 0 0 0 0 0 0 0 0 0 0 0 0 0 0 0 0 0 0 0 0 0 0 0 0 0 0 0 0 0 0 0 0 0 0 0 0 0 0 0 0 0 0 0 0 0 0 0 0 0 0 0 0 0 0 0 0 0 0 0 0 0 0 0 0 0 0 0 0 0 0 0 0 0 0 0 0 0 0 0 0 0 0 0 0 0 0 0 0 0 0 0 0 0 0 0 0 0 0 0 0 0 0 0 0 0 0 0 0 0 0 0 0 0 0 0 0 0 0 0 0 0 0 0 0 0 0 0 0 0 0 0 0 0 0 0 0 0 0 0 0 0 0 0 0 0 0 0 0 0 0 0 0 0 0 0 0 0 0 0 0 0 0 0 0 0 0 0 0 0 0 0 0 0 0 0 0 0 0 0 0 0 0 0 0 0 0 0 0 0 0 0 0 0 0 0 0 0 0 0 0 0 0 0 0 0 0 0 0 0 0 0 0 0 0 0 0 0 0 0 0 0 0 0 0 0 0 0 0 0 0 0 0 
_C_6382_506e733c_3c cc 0 f8 1 0 646f6f72 0 6261636b 0 7265675f 0 75766d5f 0 6b673a3a 0 766d5f70 0 73732075 0 636c61 
_C_6382_506e733c_208 cc 0 40 1 0 494e464f 0 55564d5f 
_C_6382_506e733c_1b4 cc 0 98 1 0 68617365 0 72655f70 0 66696775 0 5f636f6e 0 75766d 
_C_6382_506e733c_20b cc 0 48 1 0 4154414c 0 564d5f46 0 55 
_C_6382_506e733c_18c cc 0 60 1 0 6f64653d 0 696e5f6e 0 20626567 
_C_6382_506e733c_15 cc 0 60 1 0 676e6564 0 756e7369 0 696e7420 
_C_6382_506e733c_20d cc 0 58 1 0 504c4159 0 5f444953 0 55564d 
_C_6382_506e733c_166 cc 0 200 1 0 696c732e 0 64657461 0 6f726520 0 6f72206d 0 31332066 0 643d3333 0 68703f69 0 65772e70 0 622f7669 0 2f737664 0 2e6f7267 0 2e656461 0 2f777777 0 74703a2f 0 65206874 0 20205365 
_C_6382_506e733c_f6 8c 0 150 0 0 22257322 0 6d617020 0 20696e20 0 6f20524f 0 65642074 0 72696374 0 72657374 0 25732220 0 6c642022 0 20666965 0 2573 
_C_6382_506e733c_16e cc 0 50 1 0 74696d65 0 67696e5f 0 6265 
_C_6382_506e733c_b7 8c 0 40 0 0 73253073 0 20202530 
_C_6382_506e733c_27 cc 0 140 1 0 5f736571 0 63657373 0 645f6163 0 68617265 0 656d5f73 0 766d5f6d 0 673a3a75 0 6d5f706b 0 73207576 0 636c6173 
_C_6382_506e733c_12b cc 0 20 1 0 54797065 
_C_6382_506e733c_11 cc 0 100 1 0 62617365 0 6e63655f 0 65717565 0 766d5f73 0 673a3a75 0 6d5f706b 0 73207576 0 636c6173 
_C_6382_506e733c_1ae cc 0 78 1 0 68617365 0 65745f70 0 5f726573 0 75766d 
_C_6382_506e733c_211 cc 0 68 1 0 484f4f4b 0 414c4c5f 0 564d5f43 0 55 
_C_6382_506e733c_23b cc 0 10 1 0 5753 
_C_6382_506e733c_1f2 cc 0 90 1 0 6974793d 0 65766572 0 65745f73 0 766d5f73 0 2b75 
_C_6382_506e733c_1e2 cc 0 38 1 0 5f4c4f57 0 55564d 
_C_6382_506e733c_38 cc 0 d8 1 0 6974656d 0 7265675f 0 75766d5f 0 6b673a3a 0 766d5f70 0 73732075 0 636c61 
_C_6382_506e733c_bb 8c 0 78 0 0 20253073 0 25307320 0 30732020 0 202025 
_C_6382_506e733c_e3 8c 0 1b0 0 0 7374732e 0 20657869 0 65616479 0 20616c72 0 25307329 0 7970653d 0 27202874 0 27253073 0 616d6520 0 6865206e 0 74682074 0 64207769 0 6368696c 0 4120 
_C_6382_506e733c_248 cc 0 10 1 0 574f 
_C_6382_506e733c_a0 84 0 ff8 0 0 0 0 0 0 0 0 0 0 0 0 0 0 0 0 0 0 0 0 0 0 0 0 0 0 0 0 0 0 0 0 0 0 0 0 0 0 0 0 0 0 0 0 0 0 0 0 0 0 0 0 0 0 0 0 0 0 0 0 0 0 0 0 0 0 0 0 0 0 0 0 0 0 0 0 0 0 0 0 0 0 0 0 0 0 0 0 0 0 0 0 0 0 0 0 0 0 0 0 0 0 0 0 0 0 0 0 0 0 0 0 0 0 0 0 0 0 0 0 0 0 0 0 0 0 0 0 0 0 0 0 0 0 0 0 0 0 0 0 0 0 0 0 0 0 0 0 0 0 0 0 0 0 0 0 0 0 0 0 0 0 0 0 0 0 0 0 0 0 0 0 0 0 0 0 0 0 0 0 0 0 0 0 0 0 0 0 0 0 0 0 0 0 0 0 0 0 0 0 0 0 0 0 0 0 0 0 0 0 0 0 0 0 0 0 0 0 0 0 0 0 0 0 0 0 0 0 0 0 0 0 0 0 0 0 0 0 0 0 0 0 0 0 0 0 0 0 0 0 0 0 0 0 0 0 0 
_C_6382_506e733c_133 cc 0 10 1 0 7b7d 
_C_6382_506e733c_86 cc 0 70 1 0 75657565 0 64655f71 0 70657769 0 7479 
_C_6382_506e733c_200 cc 0 28 1 0 45425547 0 44 
_C_6382_506e733c_13c cc 0 78 1 0 666f7220 0 61726520 0 636f6d70 0 4d6973 
_C_6382_506e733c_b5 8c 0 220 0 0 65732061 0 69636174 0 20696e64 0 61746368 0 2061206d 0 7420746f 0 206e6578 0 20277827 0 2e20416e 0 69646573 0 76657272 0 6e74206f 0 6c657661 0 67207265 0 6f77696e 0 666f6c6c 0 74686520 
_C_6382_506e733c_233 cc 0 58 1 0 5f636273 0 5f726567 0 75766d 
_C_6382_506e733c_196 cc 0 48 1 0 63686564 0 766d5f73 0 75 
_C_6382_506e733c_203 cc 0 1a8 1 0 49554d2e 0 5f4d4544 0 2055564d 0 74206f66 0 6661756c 0 67206465 0 7573696e 0 75652c20 0 2076616c 0 73697479 0 6572626f 0 616c2076 0 6c6c6567 0 49 
_C_6382_506e733c_1bc cc 0 98 1 0 68617365 0 696e5f70 0 745f6d61 0 5f706f73 0 75766d 
_C_6382_506e733c_fe cc 0 30 1 0 50535452 0 5343 
_C_6382_506e733c_23 cc 0 140 1 0 5f736571 0 63657373 0 655f6163 0 696e676c 0 65675f73 0 766d5f72 0 673a3a75 0 6d5f706b 0 73207576 0 636c6173 
_C_6382_506e733c_46 cc 0 18 1 0 2d2d5d 
_C_6382_506e733c_174 cc 0 c8 1 0 4e544943 0 53454d41 0 52554e5f 0 4f564d5f 0 5553455f 0 55564d5f 0 2b 
_C_6382_506e733c_22a cc 0 48 1 0 7475733d 0 28737461 0 20 
_C_6382_506e733c_94 d4 0 20 0 0 2000000 
_C_6382_506e733c_23a cc 0 10 1 0 5743 
_C_6382_506e733c_20e cc 0 38 1 0 5f4c4f47 0 55564d 
_C_6382_506e733c_272 cc 0 38 1 0 5f726567 0 75766d 
_C_6382_506e733c_102 cc 0 8 1 0 40 
_C_6382_506e733c_25c cc 0 20 1 0 574f 
_C_6382_506e733c_14 cc 0 18 1 0 696e74 
_C_6382_506e733c_1cd cc 0 170 1 0 73656c66 0 6f206974 0 6e742074 0 706f6e65 0 20636f6d 0 6f662061 0 656e7420 0 20706172 0 20746865 0 20736574 0 6e6e6f74 0 6361 
_C_6382_506e733c_bd 8c 0 88 0 0 6964653e 0 76657272 0 7065206f 0 203c7479 0 20 
_C_6382_506e733c_20a cc 0 48 1 0 52524f52 0 564d5f45 0 55 
_C_6382_506e733c_146 cc 0 10 1 0 6f6e 
_C_6382_506e733c_65 cc 0 98 1 0 70746572 0 5f616461 0 5f746c6d 0 5f726567 0 75766d 
_C_6382_506e733c_1b3 cc 0 68 1 0 67757265 0 6f6e6669 0 72655f63 0 70 
_C_6382_506e733c_db 8c 0 b8 0 0 20253564 0 64206f66 0 3a202535 0 756e7420 0 7420636f 0 517569 
_C_6382_506e733c_3d cc 0 e0 1 0 69656c64 0 65675f66 0 766d5f72 0 673a3a75 0 6d5f706b 0 73207576 0 636c6173 
_C_6382_506e733c_8c cc 0 18 1 0 726571 
_C_6382_506e733c_80 d4 0 20 0 0 64 
_C_6382_506e733c_116 cc 0 40 1 0 4c4f4f50 0 4f565244 
_C_6382_506e733c_24f cc 0 20 1 0 5743 
_C_6382_506e733c_13b cc 0 58 1 0 203d2022 0 20726873 0 22203a 
_C_6382_506e733c_39 cc 0 110 1 0 70746572 0 5f616461 0 5f746c6d 0 5f726567 0 3a75766d 0 706b673a 0 75766d5f 0 61737320 0 636c 
_C_6382_506e733c_101 cc 0 30 1 0 756c6c3e 0 3c6e 
_C_6382_506e733c_4a cc 0 8 1 0 5d 
_C_6382_506e733c_107 cc 0 100 1 0 2e737668 0 6a656374 0 6d5f6f62 0 652f7576 0 2f626173 0 2f737263 0 2e2f2e2e 0 2e2e2f2e 
_C_6382_506e733c_2f cc 0 18 1 0 726567 
_C_6382_506e733c_e8 8c 0 3e8 0 0 6f6e5d3e 0 61637469 0 6f6e5b7c 0 61637469 0 793e2c3c 0 65726974 0 3c736576 0 69643e2c 0 703e2c3c 0 3c636f6d 0 696f6e3d 0 5f616374 0 5f736574 0 2b75766d 0 67653a20 0 20557361 0 3d25732c 0 74696f6e 0 745f6163 0 6d5f7365 0 202b7576 0 6d616e64 0 20636f6d 0 6e20746f 0 67697665 0 25732220 0 6e742022 0 67756d65 0 6e206172 0 6374696f 0 61642061 0 42 
_C_6382_506e733c_49 cc 0 8 1 0 5b 
_C_6382_506e733c_91 cc 0 60 1 0 696f6e73 0 72616374 0 61627374 
_C_6382_506e733c_250 cc 0 20 1 0 5753 
_C_6382_506e733c_d1 8c 0 1f8 0 0 2530647d 0 4954533d 0 25732042 0 4449583a 0 20205241 0 25306420 0 4c55453a 0 73205641 0 4d453a25 0 64204e41 0 483a2530 0 207b5458 0 40253074 0 54545220 0 45545f41 0 202053 
_C_6382_506e733c_15f cc 0 148 1 0 74696f6e 0 706f7261 0 20436f72 0 68696373 0 47726170 0 746f7220 0 204d656e 0 32303132 0 3030372d 0 43292032 0 28 
_C_6382_506e733c_42 84 0 20 0 0 0 
_C_6382_506e733c_175 cc 0 20 1 0 5f656e64 
_C_6382_506e733c_1ee 84 0 20 0 0 1 
_C_6382_506e733c_31 cc 0 20 1 0 74696d65 
_C_6382_506e733c_136 cc 0 10 1 0 276f 
_C_6382_506e733c_2b cc 0 40 1 0 74696e74 0 73686f72 
_C_6382_506e733c_137 cc 0 10 1 0 2768 
_C_6382_506e733c_35 cc 0 d8 1 0 72646572 0 7265636f 0 75766d5f 0 6b673a3a 0 766d5f70 0 73732075 0 636c61 
_C_6382_506e733c_1a cc 0 3b8 1 0 656d2929 0 675f6974 0 6d5f7265 0 3a3a7576 0 5f706b67 0 2075766d 0 6c617373 0 656d2c63 0 675f6974 0 6d5f7265 0 3a3a7576 0 5f706b67 0 2075766d 0 6c617373 0 65232863 0 75656e63 0 5f736571 0 3a75766d 0 706b673a 0 75766d5f 0 61737320 0 2328636c 0 656e6365 0 73657175 0 7265675f 0 75766d5f 0 6b673a3a 0 766d5f70 0 73732075 0 636c61 
_C_6382_506e733c_1fe cc 0 20 1 0 46554c4c 
_C_6382_506e733c_1cb cc 0 28 1 0 4f4d505f 0 43 
_C_6382_506e733c_164 cc 0 220 1 0 696c6564 0 636f6d70 0 65656e20 0 61732062 0 61742068 0 79207468 0 62726172 0 4d206c69 0 65205556 0 66207468 0 6f6e206f 0 65727369 0 20612076 0 73696e67 0 72652075 0 6f752061 0 a202059 
_C_6382_506e733c_1db cc 0 a8 1 0 6d652027 0 68206e61 0 20776974 0 6e656e74 0 6f6d706f 0 43 
_C_6382_506e733c_134 cc 0 10 1 0 2764 
_C_6382_506e733c_7c cc 0 30 1 0 756c6c29 0 286e 
_C_6382_506e733c_26c cc 0 150 1 0 6e746564 0 6c656d65 0 20696d70 0 20796574 0 206e6f74 0 70617265 0 20636f6d 0 69656c64 0 656c2066 0 674d6f64 0 5265 
_C_6382_506e733c_1ea 94 0 20 0 0 4 
_C_6382_506e733c_135 cc 0 10 1 0 2762 
_C_6382_506e733c_180 cc 0 208 1 0 68697073 0 696f6e73 0 656c6174 0 73652072 0 20706861 0 74657227 0 652f6166 0 65666f72 0 64202762 0 2720616e 0 77697468 0 74682027 0 7920626f 0 65636966 0 74207370 0 616e6e6f 0 63 
_C_6382_506e733c_29 cc 0 138 1 0 5f736571 0 745f696e 0 6275696c 0 6d656d5f 0 7265675f 0 75766d5f 0 6b673a3a 0 766d5f70 0 73732075 0 636c61 
_C_6382_506e733c_14f cc 0 e0 1 0 55474854 0 72204341 0 4f57206f 0 20544852 0 7475726e 0 74207265 0 206d7573 
_C_6382_506e733c_fd 94 0 20 0 0 0 
_C_6382_506e733c_72 cc 0 90 1 0 5f736571 0 63657373 0 675f6163 0 6d5f7265 0 7576 
_C_6382_506e733c_1d5 cc 0 1b8 1 0 73222c22 0 256d2e25 0 74662822 0 6f726d61 0 20247366 0 616d653a 0 6e74206e 0 706f6e65 0 20636f6d 0 20616e64 0 6e616d65 0 756c6520 0 206d6f64 0 746865 
_C_6382_506e733c_1e8 94 0 20 0 0 1 
_C_6382_506e733c_1cf cc 0 38 1 0 434f4d50 0 4e4557 
_C_6382_506e733c_1e7 94 0 20 0 0 2 
_C_6382_506e733c_1e9 94 0 20 0 0 3 
_C_6382_506e733c_17a cc 0 50 1 0 5f414444 0 5f424144 0 5048 
_C_6382_506e733c_132 cc 0 8 1 0 7d 
_C_6382_506e733c_1d2 cc 0 30 1 0 6d652027 0 4e61 
_C_6382_506e733c_232 cc 0 80 1 0 4f4e5345 0 52455350 0 4f574e5f 0 554e4b4e 
_C_6382_506e733c_147 d4 0 20 0 0 1000000 
_C_6382_506e733c_15a cc 0 98 1 0 68656421 0 72656163 0 756e7420 0 7420636f 0 517569 
_C_6382_506e733c_a4 84 0 38 0 0 0 0 0 
_C_6382_506e733c_f1 8c 0 208 0 0 25306429 0 7a652028 0 612e7369 0 5f646174 0 616e206d 0 72207468 0 65617465 0 29206772 0 28253064 0 72747920 0 726f7065 0 74682070 0 6c656e67 0 79206d5f 0 61727261 0 61746120 0 44 
_C_6382_506e733c_11e cc 0 38 1 0 7074793e 0 3c656d 
_C_43f4_506e9fcc_3 9f 0 20 0 
_C_6382_506e733c_131 cc 0 8 1 0 7b 
_C_3426_506e9fa4_3 9f 0 20 0 
_C_6382_506e733c_257 cc 0 20 1 0 5731 
_C_6382_506e733c_12a cc 0 20 1 0 4e616d65 
_C_6382_506e733c_1dc cc 0 f8 1 0 6e742027 0 706f6e65 0 20636f6d 0 64206f66 0 6368696c 0 74206120 0 73206e6f 0 272069 
_C_6382_506e733c_c7 8c 0 a8 0 0 20253064 0 6873203d 0 203a2072 0 20253064 0 6873203d 0 6c 
_C_6382_506e733c_c8 8c 0 a8 0 0 20253074 0 6873203d 0 203a2072 0 20253074 0 6873203d 0 6c 
_C_6382_506e733c_c9 8c 0 a8 0 0 20253073 0 6873203d 0 203a2072 0 20253073 0 6873203d 0 6c 
_C_6382_506e733c_15c cc 0 b0 1 0 79206964 0 74732062 0 636f756e 0 6f727420 0 20526570 0 2a2a 
_C_6382_506e733c_47 cc 0 8 1 0 0 
_C_6382_506e733c_104 c4 0 2 0 0 2 
_C_6382_506e733c_18e cc 0 60 1 0 48415345 0 44445f50 0 50485f41 
_C_6382_506e733c_24 cc 0 108 1 0 5f736571 0 63657373 0 675f6163 0 6d5f7265 0 3a3a7576 0 5f706b67 0 2075766d 0 6c617373 0 63 
_C_6382_506e733c_88 c4 0 2 0 0 3 
_C_6382_506e733c_19d cc 0 88 1 0 68617365 0 63745f70 0 6f6e6e65 0 766d5f63 0 75 
_C_6382_506e733c_81 c4 0 2 0 0 0 
_C_6382_506e733c_169 c4 0 2 0 0 1 
_C_6382_506e733c_6d cc 0 b8 1 0 5f736571 0 77616c6b 0 676c655f 0 5f73696e 0 5f6d656d 0 75766d 
_C_6382_506e733c_7f cc 0 a0 1 0 6b757029 0 206c6f6f 0 696c6564 0 20286661 0 6e756c6c 
_C_6382_506e733c_178 cc 0 d8 1 0 6e756c6c 0 20697320 0 6d656e74 0 61726775 0 61736520 0 3a207068 0 616464 
_C_6382_506e733c_193 cc 0 38 1 0 6e6f776e 0 756e6b 
_C_6382_506e733c_c5 8c 0 c8 0 0 62253062 0 203d2027 0 20726873 0 3062203a 0 20276225 0 6873203d 0 6c 
_C_6382_506e733c_13d c4 0 8 0 0 0 
_C_6382_506e733c_ee 8c 0 30 0 0 25682573 0 2768 
_C_6382_506e733c_69 cc 0 a0 1 0 5f736571 0 65736574 0 68775f72 0 7265675f 0 75766d5f 
_C_6382_506e733c_281 8c 0 e8 0 0 202a2a2a 0 696c6564 0 6e204661 0 6174696f 0 6f6d697a 0 52616e64 0 2a2a2a20 0 20 
_C_6382_506e733c_7d cc 0 8 1 0 a 
_C_6382_506e733c_cf 8c 0 e8 0 0 40253064 0 73203d20 0 3a207268 0 25306420 0 203d2040 0 206c6873 0 7325733a 0 25 
_C_6382_506e733c_24b cc 0 10 1 0 5731 
_C_6382_506e733c_6e cc 0 c8 1 0 5f736571 0 63657373 0 655f6163 0 696e676c 0 656d5f73 0 616d5f6d 0 75 
_C_6382_506e733c_162 cc 0 148 1 0 6f72702e 0 6f722043 0 64756374 0 69636f6e 0 2053656d 0 72657373 0 20437970 0 32303132 0 3031312d 0 43292032 0 28 
_C_6382_506e733c_84 cc 0 68 1 0 74696f6e 0 67757261 0 6f6e6669 0 43 
_C_6382_506e733c_22f cc 0 68 1 0 52524f52 0 4e445f45 0 4f4d4d41 0 43 
_C_6382_506e733c_1e4 cc 0 40 1 0 48494748 0 55564d5f 
_C_6382_506e733c_1eb 94 0 40 0 0 0 0 0 
_C_6382_506e733c_16c 94 0 40 0 0 ffffffff 0 ffffffff 
_C_6382_506e733c_1ab cc 0 28 1 0 696e616c 0 66 
_C_6382_506e733c_224 cc 0 c8 1 0 75735f65 0 73746174 0 6e73655f 0 6573706f 0 6c6d5f72 0 766d5f74 0 75 
_C_6382_506e733c_6b cc 0 a0 1 0 5f736571 0 62617368 0 6269745f 0 7265675f 0 75766d5f 
_C_6382_506e733c_271 cc 0 100 1 0 74686f64 0 65206d65 0 77726974 0 696e6720 0 65637574 0 79206578 0 656e746c 0 63757272 
_C_6382_506e733c_73 cc 0 b0 1 0 5f736571 0 63657373 0 6d5f6163 0 675f6d65 0 6d5f7265 0 7576 
_C_6382_506e733c_44 cc 0 80 1 0 72696e67 0 745f7374 0 626a6563 0 61615f6f 
_C_6382_506e733c_157 cc 0 10 1 0 5d20 
_C_6382_506e733c_230 cc 0 58 1 0 52524f52 0 53545f45 0 425552 
_C_6382_506e733c_17 cc 0 2b0 1 0 74656d29 0 65675f69 0 766d5f72 0 673a3a75 0 6d5f706b 0 73207576 0 636c6173 0 74656d2c 0 65675f69 0 766d5f72 0 673a3a75 0 6d5f706b 0 73207576 0 636c6173 0 65722328 0 75656e63 0 5f736571 0 3a75766d 0 706b673a 0 75766d5f 0 61737320 0 636c 
_C_6382_506e733c_120 cc 0 78 1 0 616d5f74 0 73747265 0 5f626974 0 75766d 
_C_6382_506e733c_17d cc 0 8 1 0 27 
_C_6382_506e733c_d0 8c 0 1b0 0 0 626c652e 0 61696c61 0 64206176 0 79202530 0 206f6e6c 0 20796574 0 2530732c 0 61636b20 0 20756e70 0 6420746f 0 65656465 0 7473206e 0 64206269 0 2530 
_C_6382_506e733c_8e c4 0 20 0 0 0 
_C_6382_506e733c_12e cc 0 8 1 0 20 
_C_6382_506e733c_123 cc 0 48 1 0 6d65643e 0 756e6e61 0 3c 
_C_43f4_506e9fcc_4 9c 0 20 76c00000 42a0bc15 
_C_6382_506e733c_17b cc 0 c0 1 0 73652027 0 5f706861 0 77697468 0 696e6420 0 6f742066 0 63616e6e 
_C_6382_506e733c_263 cc 0 d8 1 0 61702027 0 696e206d 0 20574f20 0 6420746f 0 69637465 0 65737472 0 272072 
_C_3426_506e9fa4_4 9c 0 20 76c00000 42a0bc15 
_C_6382_506e733c_10c cc 0 8 1 0 22 
_C_6382_506e733c_26b cc 0 b8 1 0 7474656e 0 20777269 0 65696e67 0 6c792062 0 72656e74 0 637572 
_C_6382_506e733c_48 cc 0 80 1 0 706f6f6c 0 7374725f 0 6f626a5f 0 75766d5f 
_C_6382_506e733c_125 cc 0 8 1 0 2d 
_C_6382_506e733c_8a cc 0 a8 1 0 6e756c6c 0 20697320 0 696e7374 0 3a206d5f 0 65742829 0 67 
_C_6382_506e733c_7e cc 0 8 1 0 2e 
_C_6382_506e733c_c2 8c 0 220 0 0 6f776e3e 0 756e6b6e 0 6173203c 0 74656420 0 7072696e 0 20626520 0 77696c6c 0 616d6520 0 7065206e 0 64207479 0 69617465 0 73736f63 0 6e6f2061 0 69746820 0 65732077 0 20547970 0 a282a29 
_C_6382_506e733c_b1 8c 0 138 0 0 70652027 0 66207479 0 6374206f 0 6f626a65 0 20616e20 0 20666f72 0 75657374 0 20726571 0 656e2061 0 476976 
_C_6382_506e733c_16d cc 0 58 1 0 74696d65 0 6570745f 0 616363 
_C_6382_506e733c_16b cc 0 18 1 0 656e64 
_C_6382_506e733c_7a cc 0 8 1 0 28 
_C_6382_506e733c_158 cc 0 8 1 0 29 
_C_6382_506e733c_11d cc 0 8 1 0 2a 
_C_6382_506e733c_138 cc 0 8 1 0 2b 
_C_6382_506e733c_209 cc 0 58 1 0 4e494e47 0 5f574152 0 55564d 
_C_6382_506e733c_198 d4 0 20 0 0 4 
_C_6382_506e733c_1b9 cc 0 40 1 0 6d61696e 0 7072655f 
_C_6382_506e733c_dc 8c 0 38 0 0 3a253564 0 257320 
_C_6382_506e733c_59 d4 0 20 0 0 0 
_C_6382_506e733c_d5 8c 0 148 0 0 3a253564 0 6f727473 0 20726570 0 4e494e47 0 5f574152 0 2055564d 0 6f746564 0 2064656d 0 72206f66 0 756d6265 0 4e 
_C_6382_506e733c_168 d4 0 20 0 0 1 
_C_6382_506e733c_176 d4 0 20 0 0 2 
_C_6382_506e733c_197 d4 0 20 0 0 3 
_C_6382_506e733c_173 cc 0 80 1 0 52414345 0 53455f54 0 5f504841 0 2b55564d 
_C_6382_506e733c_34 cc 0 48 1 0 353a305d 0 69745b31 0 62 
_C_6382_506e733c_1d4 cc 0 238 1 0 74686520 0 696e6720 0 6d62696e 0 7920636f 0 6d652062 0 65206e61 0 6e697175 0 20612075 0 75696c64 0 652c2062 0 6f64756c 0 2061206d 0 74206973 0 6172656e 0 49662070 0 65732e20 0 74616e63 0 696e73 
_C_6382_506e733c_9f cc 0 48 1 0 73697a65 0 6174612e 0 64 
_C_6382_506e733c_a3 c4 0 38 0 0 0 0 0 
_C_6382_506e733c_5c cc 0 98 1 0 656e6365 0 73657175 0 646f6d5f 0 5f72616e 0 75766d 
_C_6382_506e733c_182 d4 0 20 0 0 1f4 
_C_6382_506e733c_f5 8c 0 18 0 0 202d2d 
_C_6382_506e733c_21a cc 0 28 1 0 65707468 0 64 
_C_6382_506e733c_fb 8c 0 58 0 0 68253078 0 64202b27 0 402530 
_C_6382_506e733c_45 cc 0 28 1 0 2d6b6579 0 5b 
_C_6382_506e733c_1ba cc 0 70 1 0 68617365 0 696e5f70 0 6d5f6d61 0 7576 
_C_6382_506e733c_18b cc 0 50 1 0 6f64653d 0 65775f6e 0 206e 
_C_6382_506e733c_122 cc 0 40 1 0 6772616c 0 696e7465 
_C_6382_506e733c_10d cc 0 30 1 0 554e504b 0 4244 
_C_6382_506e733c_21 cc 0 140 1 0 5f736571 0 63657373 0 655f6163 0 696e676c 0 656d5f73 0 766d5f6d 0 673a3a75 0 6d5f706b 0 73207576 0 636c6173 
_C_6382_506e733c_1b8 cc 0 90 1 0 68617365 0 696e5f70 0 655f6d61 0 6d5f7072 0 7576 
_C_6382_506e733c_190 cc 0 b8 1 0 73652027 0 20706861 0 666f7265 0 74206265 0 73206e6f 0 272069 
_C_6382_506e733c_1ce cc 0 118 1 0 2e737668 0 6e656e74 0 6f6d706f 0 766d5f63 0 73652f75 0 632f6261 0 2e2f7372 0 2e2e2f2e 0 2e2e2f 
_C_6382_506e733c_1c3 cc 0 68 1 0 646f776e 0 73687574 0 6f73745f 0 70 
_C_6382_506e733c_14c cc 0 90 1 0 63686572 0 5f636174 0 706f7274 0 6d5f7265 0 7576 
_C_6382_506e733c_26 cc 0 140 1 0 5f736571 0 63657373 0 645f6163 0 68617265 0 65675f73 0 766d5f72 0 673a3a75 0 6d5f706b 0 73207576 0 636c6173 
_C_6382_506e733c_d6 8c 0 148 0 0 3a253564 0 73202020 0 706f7274 0 4c207265 0 46415441 0 55564d5f 0 67687420 0 20636175 0 72206f66 0 756d6265 0 4e 
_C_6382_506e733c_1b5 cc 0 48 1 0 67757265 0 6f6e6669 0 63 
_C_6382_506e733c_11a cc 0 78 1 0 6e696e67 0 20576172 0 746f7279 0 466163 
_C_6382_506e733c_262 cc 0 40 1 0 6c642027 0 20666965 
_C_6382_506e733c_1a3 cc 0 68 1 0 68617365 0 756e5f70 0 766d5f72 0 75 
_C_6382_506e733c_143 cc 0 48 1 0 76656e74 0 766d5f65 0 75 
_C_6382_506e733c_225 cc 0 78 1 0 69647468 0 6e675f77 0 65616d69 0 737472 
_C_6382_506e733c_21f cc 0 38 1 0 72657373 0 616464 
_C_6382_506e733c_11f cc 0 40 1 0 74696d65 0 7265616c 
_C_6382_506e733c_282 cc 0 20 1 0 706b7431 
_C_6382_506e733c_e4 8c 0 120 0 0 25307327 0 25307320 0 30732720 0 65202725 0 206e616d 0 20746865 0 77697468 0 696c6420 0 41206368 
_C_6382_506e733c_283 cc 0 20 1 0 706b7432 
_C_6382_506e733c_20f cc 0 48 1 0 4f554e54 0 564d5f43 0 55 
_C_6382_506e733c_79 cc 0 30 1 0 636b6574 0 5061 
_C_6382_506e733c_55 cc 0 e8 1 0 616d653d 0 642e204e 0 73746561 0 6420696e 0 75726e65 0 20726574 0 20776173 0 27 
_C_6382_506e733c_269 cc 0 50 1 0 6f723a20 0 4d697272 0 2028 
_C_6382_506e733c_154 cc 0 60 1 0 544f5652 0 58515549 0 4e4f4d41 
_C_6382_506e733c_c4 8c 0 60 0 0 3a202573 0 25735d20 0 2573205b 
_C_6382_506e733c_76 cc 0 e8 1 0 5f736571 0 63657373 0 645f6163 0 68617265 0 656d5f73 0 65675f6d 0 766d5f72 0 75 
_C_6382_506e733c_231 cc 0 88 1 0 52524f52 0 4c455f45 0 454e4142 0 5954455f 0 42 
_C_6382_506e733c_14e cc 0 160 1 0 6e636520 0 6e737461 0 65722069 0 61746368 0 696e2063 0 68282920 0 63617463 0 6869732e 0 72745f74 0 7265706f 0 75766d5f 
_C_6382_506e733c_4 8c 0 90 0 0 2025733f 0 6d65616e 0 796f7520 0 64696420 0 2020 
_C_6382_506e733c_c 8c 0 28 0 0 2530645d 0 5b 
_C_6382_506e733c_244 cc 0 28 1 0 31535243 0 57 
_C_6382_506e733c_210 cc 0 40 1 0 45584954 0 55564d5f 
_C_6382_506e733c_2d cc 0 20 1 0 62797465 
_C_6382_506e733c_22e cc 0 68 1 0 52524f52 0 53535f45 0 44445245 0 41 
_C_6382_506e733c_119 cc 0 b8 1 0 7970652e 0 65642074 0 73746572 0 72656769 0 73206120 0 272061 
_C_6382_506e733c_1fb cc 0 20 1 0 4c4f57 
_C_6382_506e733c_97 cc 0 88 1 0 696e6720 0 20737472 0 63686564 0 204d6174 0 3a 
_C_6382_506e733c_106 cc 0 d8 1 0 6e756c6c 0 20697320 0 6e746572 0 5f707269 0 61756c74 0 5f646566 0 75766d 
_C_6382_506e733c_37 cc 0 130 1 0 6c6f6164 0 5f706179 0 65726963 0 5f67656e 0 5f746c6d 0 3a75766d 0 706b673a 0 75766d5f 0 61737320 0 636c 
_C_6382_506e733c_1b7 cc 0 70 1 0 67757265 0 6f6e6669 0 73745f63 0 706f 
_C_6382_506e733c_1df cc 0 28 1 0 44434c44 0 42 
_C_6382_506e733c_70 cc 0 90 1 0 5f736571 0 63657373 0 6d5f6163 0 6d5f6d65 0 7576 
_C_6382_506e733c_151 cc 0 140 1 0 2e737668 0 63686572 0 5f636174 0 706f7274 0 6d5f7265 0 652f7576 0 2f626173 0 2f737263 0 2e2f2e2e 0 2e2e2f2e 
_C_6382_506e733c_183 cc 0 68 1 0 445f5048 0 432f4144 0 482f5452 0 50 
_C_6382_506e733c_95 cc 0 50 1 0 696e6729 0 28737472 0 6461 
_C_6382_506e733c_18f cc 0 38 1 0 73652027 0 506861 
_C_6382_506e733c_218 cc 0 50 1 0 65724040 0 706f7274 0 7265 
_C_6382_506e733c_32 cc 0 20 1 0 7265616c 
_C_6382_506e733c_17e cc 0 d0 1 0 73652027 0 5f706861 0 666f7265 0 64206265 0 2066696e 0 6e6e6f74 0 6361 
_C_6382_506e733c_161 cc 0 e0 1 0 496e632e 0 79732c20 0 6e6f7073 0 32205379 0 2d323031 0 32303036 0 28432920 
_C_6382_506e733c_85 cc 0 20 1 0 72656164 
_C_6382_506e733c_16 cc 0 140 1 0 70706572 0 5f777261 0 6a656374 0 675f6f62 0 6f6e6669 0 766d5f63 0 673a3a75 0 6d5f706b 0 73207576 0 636c6173 
_C_6382_506e733c_235 cc 0 10 1 0 5257 
_C_6382_506e733c_114 cc 0 68 1 0 70652027 0 74207479 0 626a6563 0 4f 
_C_6382_506e733c_227 cc 0 170 1 0 2e737668 0 6c6f6164 0 5f706179 0 65726963 0 5f67656e 0 746c6d32 0 75766d5f 0 6c6d322f 0 72632f74 0 2e2e2f73 0 2f2e2e2f 0 2e2e 
_C_6382_506e733c_66 cc 0 80 1 0 646f6f72 0 6261636b 0 7265675f 0 75766d5f 
_C_6382_506e733c_194 cc 0 30 1 0 6d6d6f6e 0 636f 
_C_6382_506e733c_51 cc 0 68 1 0 646f6e65 0 6573745f 0 766d5f74 0 75 
_C_6382_506e733c_237 cc 0 10 1 0 5253 
_C_6382_506e733c_1c6 cc 0 148 1 0 696c6564 0 74206661 0 626a6563 0 7365206f 0 20706861 0 75696c64 0 6e642062 0 6f206669 0 70742074 0 7474656d 0 61 
_C_6382_506e733c_1aa cc 0 78 1 0 68617365 0 616c5f70 0 5f66696e 0 75766d 
_C_6382_506e733c_276 cc 0 40 1 0 646f6f72 0 4261636b 
_C_6382_506e733c_19e cc 0 38 1 0 6e656374 0 636f6e 
_C_6382_506e733c_21c cc 0 d8 1 0 616d6529 0 6c6c206e 0 20286675 0 656e6365 0 73657175 0 656e7420 0 706172 
_C_6382_506e733c_112 cc 0 198 1 0 616d652e 0 7065206e 0 65207479 0 2073616d 0 20746865 0 77697468 0 70657320 0 65207479 0 7469706c 0 206d756c 0 20666f72 0 706f7274 0 737570 
_C_6382_506e733c_234 cc 0 10 1 0 524f 
_C_6382_506e733c_d9 8c 0 2b0 0 0 696e672e 0 73657474 0 6f757320 0 72657669 0 20612070 0 6520746f 0 64206475 0 6f202530 0 6c652074 0 69646162 0 76657272 0 6f74206f 0 6973206e 0 25306420 0 206f6620 0 74696e67 0 20736574 0 6f756e74 0 69742063 0 78207175 0 65206d61 0 5468 
_C_6382_506e733c_243 cc 0 18 1 0 573054 
_C_6382_506e733c_22b cc 0 10 1 0 4f4b 
_C_6382_506e733c_1de cc 0 68 1 0 6e656e74 0 6f6d706f 0 766d5f63 0 75 
_C_6382_506e733c_265 cc 0 a0 1 0 6c642027 0 20666965 0 6e696e67 0 6e746169 0 2720636f 
_C_6382_506e733c_f3 8c 0 80 0 0 785d203d 0 78253136 0 73205b30 0 25732025 
_C_6382_506e733c_da 8c 0 18 0 0 253074 
_C_6382_506e733c_d cc 0 108 1 0 70706572 0 5f777261 0 6a656374 0 6d5f6f62 0 3a3a7576 0 5f706b67 0 2075766d 0 6c617373 0 63 
_C_6382_506e733c_43 cc 0 20 1 0 706f6f6c 
_C_6382_506e733c_199 cc 0 50 1 0 4d4e414d 0 4951444f 0 554e 
_C_6382_506e733c_1fc cc 0 30 1 0 4449554d 0 4d45 
_C_6382_506e733c_242 cc 0 18 1 0 573053 
_C_6382_506e733c_140 cc 0 48 1 0 2e6c6f67 0 725f6462 0 74 
_C_6382_506e733c_dd 8c 0 40 0 0 20253564 0 5b25735d 
_C_6382_506e733c_236 cc 0 10 1 0 5243 
_C_6382_506e733c_27d 8c 0 e0 0 0 756c6c2e 0 73657366 0 75636573 0 6f6e2053 0 7a617469 0 646f6d69 0 2052616e 
_C_6382_506e733c_ed 8c 0 18 0 0 253073 
_C_6382_506e733c_219 cc 0 10 1 0 4040 
_C_6382_506e733c_3b cc 0 128 1 0 5f636273 0 6f6e6c79 0 6974655f 0 675f7772 0 6d5f7265 0 3a3a7576 0 5f706b67 0 2075766d 0 6c617373 0 63 
_C_6382_506e733c_246 cc 0 28 1 0 30535243 0 57 
_C_6382_506e733c_24e cc 0 20 1 0 524f 
_C_6382_506e733c_1ef cc 0 98 1 0 6974793d 0 72626f73 0 745f7665 0 6d5f7365 0 2b7576 
_C_6382_506e733c_1c4 cc 0 38 1 0 6f705f5f 0 5f5f74 
_C_6382_506e733c_187 cc 0 50 1 0 5f69643d 0 696e7374 0 2c20 
_C_6382_506e733c_ce 8c 0 158 0 0 40253064 0 73203d20 0 3a207268 0 25306420 0 203d2040 0 206c6873 0 2530733a 0 666f7220 0 61726520 0 636f6d70 0 4d6973 
_C_6382_506e733c_117 cc 0 178 1 0 6964652e 0 76657272 0 6e67206f 0 696e6469 0 6c652066 0 20776869 0 63746564 0 64657465 0 6f6f7020 0 7665206c 0 75727369 0 526563 
_C_6382_506e733c_184 cc 0 48 1 0 5f69643d 0 696e7374 0 20 
_C_6382_506e733c_93 94 0 1000 0 0 0 0 0 0 0 0 0 0 0 0 0 0 0 0 0 0 0 0 0 0 0 0 0 0 0 0 0 0 0 0 0 0 0 0 0 0 0 0 0 0 0 0 0 0 0 0 0 0 0 0 0 0 0 0 0 0 0 0 0 0 0 0 0 0 0 0 0 0 0 0 0 0 0 0 0 0 0 0 0 0 0 0 0 0 0 0 0 0 0 0 0 0 0 0 0 0 0 0 0 0 0 0 0 0 0 0 0 0 0 0 0 0 0 0 0 0 0 0 0 0 0 0 0 0 0 0 0 0 0 0 0 0 0 0 0 0 0 0 0 0 0 0 0 0 0 0 0 0 0 0 0 0 0 0 0 0 0 0 0 0 0 0 0 0 0 0 0 0 0 0 0 0 0 0 0 0 0 0 0 0 0 0 0 0 0 0 0 0 0 0 0 0 0 0 0 0 0 0 0 0 0 0 0 0 0 0 0 0 0 0 0 0 0 0 0 0 0 0 0 0 0 0 0 0 0 0 0 0 0 0 0 0 0 0 0 0 0 0 0 0 0 0 0 0 0 0 0 0 0 0 0 0 0 0 0 
_C_6382_506e733c_139 94 0 1000 0 0 ffffffff 0 ffffffff 0 ffffffff 0 ffffffff 0 ffffffff 0 ffffffff 0 ffffffff 0 ffffffff 0 ffffffff 0 ffffffff 0 ffffffff 0 ffffffff 0 ffffffff 0 ffffffff 0 ffffffff 0 ffffffff 0 ffffffff 0 ffffffff 0 ffffffff 0 ffffffff 0 ffffffff 0 ffffffff 0 ffffffff 0 ffffffff 0 ffffffff 0 ffffffff 0 ffffffff 0 ffffffff 0 ffffffff 0 ffffffff 0 ffffffff 0 ffffffff 0 ffffffff 0 ffffffff 0 ffffffff 0 ffffffff 0 ffffffff 0 ffffffff 0 ffffffff 0 ffffffff 0 ffffffff 0 ffffffff 0 ffffffff 0 ffffffff 0 ffffffff 0 ffffffff 0 ffffffff 0 ffffffff 0 ffffffff 0 ffffffff 0 ffffffff 0 ffffffff 0 ffffffff 0 ffffffff 0 ffffffff 0 ffffffff 0 ffffffff 0 ffffffff 0 ffffffff 0 ffffffff 0 ffffffff 0 ffffffff 0 ffffffff 0 ffffffff 0 ffffffff 0 ffffffff 0 ffffffff 0 ffffffff 0 ffffffff 0 ffffffff 0 ffffffff 0 ffffffff 0 ffffffff 0 ffffffff 0 ffffffff 0 ffffffff 0 ffffffff 0 ffffffff 0 ffffffff 0 ffffffff 0 ffffffff 0 ffffffff 0 ffffffff 0 ffffffff 0 ffffffff 0 ffffffff 0 ffffffff 0 ffffffff 0 ffffffff 0 ffffffff 0 ffffffff 0 ffffffff 0 ffffffff 0 ffffffff 0 ffffffff 0 ffffffff 0 ffffffff 0 ffffffff 0 ffffffff 0 ffffffff 0 ffffffff 0 ffffffff 0 ffffffff 0 ffffffff 0 ffffffff 0 ffffffff 0 ffffffff 0 ffffffff 0 ffffffff 0 ffffffff 0 ffffffff 0 ffffffff 0 ffffffff 0 ffffffff 0 ffffffff 0 ffffffff 0 ffffffff 0 ffffffff 0 ffffffff 0 ffffffff 0 ffffffff 0 ffffffff 0 ffffffff 0 ffffffff 0 ffffffff 0 ffffffff 0 ffffffff 0 ffffffff 
_C_6382_506e733c_a7 8c 0 18 0 0 253064 
_C_6382_506e733c_1f1 cc 0 58 1 0 41524753 0 4c434d44 0 494e56 
_C_6382_506e733c_103 94 0 1000 0 0 1 0 0 0 0 0 0 0 0 0 0 0 0 0 0 0 0 0 0 0 0 0 0 0 0 0 0 0 0 0 0 0 0 0 0 0 0 0 0 0 0 0 0 0 0 0 0 0 0 0 0 0 0 0 0 0 0 0 0 0 0 0 0 0 0 0 0 0 0 0 0 0 0 0 0 0 0 0 0 0 0 0 0 0 0 0 0 0 0 0 0 0 0 0 0 0 0 0 0 0 0 0 0 0 0 0 0 0 0 0 0 0 0 0 0 0 0 0 0 0 0 0 0 0 0 0 0 0 0 0 0 0 0 0 0 0 0 0 0 0 0 0 0 0 0 0 0 0 0 0 0 0 0 0 0 0 0 0 0 0 0 0 0 0 0 0 0 0 0 0 0 0 0 0 0 0 0 0 0 0 0 0 0 0 0 0 0 0 0 0 0 0 0 0 0 0 0 0 0 0 0 0 0 0 0 0 0 0 0 0 0 0 0 0 0 0 0 0 0 0 0 0 0 0 0 0 0 0 0 0 0 0 0 0 0 0 0 0 0 0 0 0 0 0 0 0 0 0 0 0 0 0 0 0 0 
_C_6382_506e733c_241 cc 0 18 1 0 573043 
_C_6382_506e733c_5f cc 0 b8 1 0 6c6f6164 0 5f706179 0 65726963 0 5f67656e 0 5f746c6d 0 75766d 
_C_6382_506e733c_258 cc 0 20 1 0 5243 
_C_6382_506e733c_1c0 cc 0 90 1 0 68617365 0 776e5f70 0 7574646f 0 6d5f7368 0 7576 
_C_6382_506e733c_142 94 0 400 0 0 1 0 0 0 0 0 0 0 0 0 0 0 0 0 0 0 0 0 0 0 0 0 0 0 0 0 0 0 0 0 0 0 0 0 0 0 0 0 0 0 0 0 0 0 0 0 0 0 0 0 0 0 0 0 0 0 0 0 0 0 0 0 0 
_C_6382_506e733c_192 cc 0 200 1 0 61696c73 0 696e2066 0 646f6d61 0 75766d5f 0 20746f20 0 63617374 0 75742024 0 494e2062 0 444f4d41 0 20697320 0 74797065 0 6173655f 0 6d5f7068 0 696e3a20 0 646f6d61 0 6765745f 
_C_6382_506e733c_1ff cc 0 48 1 0 45425547 0 564d5f44 0 55 
_C_6382_506e733c_1a2 cc 0 98 1 0 74696f6e 0 6d756c61 0 665f7369 0 72745f6f 0 737461 
_C_6382_506e733c_16f cc 0 40 1 0 74696d65 0 656e645f 
_C_6382_506e733c_9c cc 0 10 1 0 7361 
_C_6382_506e733c_215 cc 0 80 1 0 50524f43 0 494e455f 0 434d444c 0 55564d5f 
_C_6382_506e733c_213 cc 0 80 1 0 70726f63 0 696e655f 0 636d646c 0 75766d5f 
_C_6382_506e733c_189 cc 0 68 1 0 6173653d 0 725f7068 0 61667465 0 20 
_C_6382_506e733c_6f cc 0 c8 1 0 5f736571 0 63657373 0 655f6163 0 696e676c 0 656d5f73 0 766d5f6d 0 75 
_C_6382_506e733c_105 cc 0 58 1 0 4e544552 0 4c505249 0 4e554c 
_C_6382_506e733c_23c cc 0 20 1 0 57535243 
_C_6382_506e733c_1d6 cc 0 18 1 0 22292e 
_C_6382_506e733c_1da cc 0 38 1 0 48494c44 0 4e4f43 
_C_6382_506e733c_9a cc 0 10 1 0 6461 
_C_6382_506e733c_1ac cc 0 98 1 0 68617365 0 65745f70 0 5f726573 0 5f707265 0 75766d 
_C_6382_506e733c_195 cc 0 18 1 0 75766d 
_C_6382_506e733c_24d cc 0 20 1 0 5257 
_C_6382_506e733c_171 cc 0 18 1 0 72756e 
_C_6382_506e733c_26f cc 0 90 1 0 5f636273 0 69656c64 0 65675f66 0 6d5f7672 0 7576 
_C_6382_506e733c_268 cc 0 10 1 0 2573 
_C_6382_506e733c_1d cc 0 150 1 0 5f736571 0 62617368 0 6269745f 0 676c655f 0 5f73696e 0 5f726567 0 3a75766d 0 706b673a 0 75766d5f 0 61737320 0 636c 
_C_6382_506e733c_25a cc 0 20 1 0 5253 
_C_6382_506e733c_152 cc 0 110 1 0 202d2d2d 0 6d617279 0 2053756d 0 63686572 0 20636174 0 706f7274 0 4d205265 0 2d205556 0 2d2d 
_C_6382_506e733c_10a cc 0 60 1 0 203d2022 0 74797065 0 6c687320 
_C_6382_506e733c_1ca cc 0 30 1 0 4c435254 0 494c 
_C_6382_506e733c_18a cc 0 70 1 0 6173653d 0 655f7068 0 65666f72 0 2062 
_C_6382_506e733c_254 cc 0 20 1 0 573043 
_C_6382_506e733c_205 cc 0 a0 1 0 52414345 0 4f4e5f54 0 45435449 0 5f4f424a 0 2b55564d 
_C_6382_506e733c_54 cc 0 c0 1 0 70652027 0 66207479 0 6e74206f 0 706f6e65 0 20636f6d 0 272e2041 
_C_6382_506e733c_273 cc 0 40 1 0 76726567 0 75766d5f 
_C_6382_506e733c_256 cc 0 20 1 0 573054 
_C_6382_506e733c_77 cc 0 c0 1 0 5f736571 0 745f696e 0 6275696c 0 6d656d5f 0 7265675f 0 75766d5f 
_C_6382_506e733c_21b cc 0 b0 1 0 616d6529 0 6520286e 0 75656e63 0 20736571 0 72656e74 0 7061 
_C_6382_506e733c_255 cc 0 20 1 0 573053 
_C_6382_506e733c_1b0 cc 0 a0 1 0 68617365 0 65745f70 0 5f726573 0 706f7374 0 75766d5f 
_C_6382_506e733c_280 8c 0 220 0 0 200a200a 0 202a2a2a 0 70617265 0 20636f6d 0 67206f72 0 636b696e 0 556e7061 0 206f7220 0 6b696e67 0 20506163 0 6720696e 0 77726f6e 0 656e7420 0 6e672077 0 65746869 0 20536f6d 0 202a2a2a 
_C_6382_506e733c_1b cc 0 118 1 0 5f736571 0 65736574 0 68775f72 0 7265675f 0 75766d5f 0 6b673a3a 0 766d5f70 0 73732075 0 636c61 
_C_6382_506e733c_1d7 cc 0 30 1 0 44455854 0 434c 
_C_6382_506e733c_260 cc 0 40 1 0 6f64656c 0 5265674d 
_C_6382_506e733c_f7 8c 0 58 0 0 25306468 0 27682525 0 253064 
_C_6382_506e733c_278 cc 0 30 1 0 6469616e 0 656e 
_C_6382_506e733c_4e cc 0 48 1 0 6f776e3e 0 756e6b6e 0 3c 
_C_6382_506e733c_3a cc 0 120 1 0 5f636273 0 6f6e6c79 0 6561645f 0 65675f72 0 766d5f72 0 673a3a75 0 6d5f706b 0 73207576 0 636c6173 
_C_6382_506e733c_30 cc 0 38 1 0 65676572 0 696e74 
_C_6382_506e733c_202 cc 0 38 1 0 56455242 0 494c4c 
_C_6382_506e733c_1dd cc 0 38 1 0 53544e4d 0 494e56 
_C_6382_506e733c_100 cc 0 10 1 0 3a3a 
_C_6382_506e733c_15b cc 0 e0 1 0 72697479 0 73657665 0 20627920 0 756e7473 0 7420636f 0 65706f72 0 2a2a2052 
_C_6382_506e733c_6a cc 0 d8 1 0 5f736571 0 62617368 0 6269745f 0 676c655f 0 5f73696e 0 5f726567 0 75766d 
_C_6382_506e733c_1bb cc 0 20 1 0 6d61696e 
_C_6382_506e733c_ba 8c 0 68 0 0 54797065 0 69646520 0 76657272 0 4f 
_C_6382_506e733c_13 cc 0 48 1 0 313a305d 0 69745b33 0 62 
_C_6382_506e733c_d2 8c 0 10 0 0 2573 
_C_6382_506e733c_a5 8c 0 10 0 0 256d 
_C_6382_506e733c_1d1 cc 0 48 1 0 696e6720 0 72656174 0 43 
_C_6382_506e733c_1a8 cc 0 80 1 0 68617365 0 72745f70 0 7265706f 0 75766d5f 
_C_6382_506e733c_12f cc 0 10 1 0 3a20 
_C_6382_506e733c_19f cc 0 e0 1 0 68617365 0 6f6e5f70 0 72617469 0 6c61626f 0 6f665f65 0 656e645f 0 75766d5f 
_C_6382_506e733c_144 cc 0 58 1 0 74657273 0 5f776169 0 6e756d 
_C_6382_506e733c_27a cc 0 80 1 0 72726f72 0 6f6e2045 0 65637469 0 436f6e6e 
_C_6382_506e733c_11b cc 0 318 1 0 2d2d2d2d 0 2d2d2d2d 0 2d2d2d2d 0 2d2d2d2d 0 2d2d2d2d 0 2d2d2d2d 0 2d2d2d2d 0 2d2d2d2d 0 2d2d2d2d 0 2d2d2d2d 0 2d2d2d2d 0 2d2d2d2d 0 2d2d2d2d 0 2d2d2d2d 0 2d2d2d2d 0 2d2d2d2d 0 2d2d2d2d 0 2d2d2d2d 0 2d2d2d2d 0 2d2d2d2d 0 2d2d2d2d 0 2d2d2d2d 0 2d2d2d2d 0 2d2d2d2d 0 2d2d2d 
_C_6382_506e733c_ec 8c 0 198 0 0 3064272e 0 64202725 0 76696465 0 2070726f 0 73696e67 0 652c2075 0 76616c75 0 69747920 0 72626f73 0 64207665 0 6e646172 0 2d737461 0 4e6f6e 
_C_6382_506e733c_170 cc 0 48 1 0 61746f72 0 6e697469 0 69 
_C_6382_506e733c_3f cc 0 d0 1 0 5f6d6170 0 5f726567 0 3a75766d 0 706b673a 0 75766d5f 0 61737320 0 636c 
_C_6382_506e733c_cb 8c 0 148 0 0 65637420 0 206f626a 0 20666f72 0 6f776e29 0 64207368 0 20282530 0 65287329 0 6d706172 0 6973636f 0 3064204d 0 25 
_C_6382_506e733c_10 cc 0 c8 1 0 6a656374 0 6d5f6f62 0 3a3a7576 0 5f706b67 0 2075766d 0 6c617373 0 63 
_C_6382_506e733c_126 cc 0 10 1 0 2222 
_C_6382_506e733c_128 d4 0 20 0 0 9000000 
_C_6382_506e733c_13e cc 0 28 1 0 434b535a 0 50 
_C_6382_506e733c_1e1 cc 0 68 1 0 73697479 0 6572626f 0 766d5f76 0 75 
_C_6382_506e733c_ea 8c 0 428 0 0 6974793e 0 65766572 0 65775f73 0 3e2c3c6e 0 72697479 0 73657665 0 7269675f 0 3e2c3c6f 0 2c3c6964 0 6f6d703e 0 793d3c63 0 65726974 0 5f736576 0 5f736574 0 2b75766d 0 67653a20 0 20557361 0 3d25732c 0 72697479 0 73657665 0 7365745f 0 75766d5f 0 6e64202b 0 6f6d6d61 0 746f2063 0 76656e20 0 22206769 0 20222573 0 6d656e74 0 61726775 0 69747920 0 65766572 0 61642073 0 42 
_C_6382_506e733c_1b6 cc 0 c0 1 0 68617365 0 72655f70 0 66696775 0 5f636f6e 0 706f7374 0 75766d5f 
_C_6382_506e733c_188 cc 0 60 1 0 6173653d 0 685f7068 0 20776974 
_C_6382_506e733c_172 cc 0 50 1 0 74696f6e 0 626a6563 0 5f6f 
_C_6382_506e733c_e9 8c 0 4e0 0 0 6974793e 0 65766572 0 65775f73 0 3e2c3c6e 0 72697479 0 73657665 0 7269675f 0 3e2c3c6f 0 2c3c6964 0 6f6d703e 0 793d3c63 0 65726974 0 5f736576 0 5f736574 0 2b75766d 0 67653a20 0 20557361 0 3d25732c 0 72697479 0 73657665 0 7365745f 0 75766d5f 0 6e64202b 0 6f6d6d61 0 6f722063 0 656e2066 0 20676976 0 20253064 0 6f6e6c79 0 74732c20 0 756d656e 0 20617267 0 65732034 0 71756972 0 79207265 0 65726974 0 5f736576 0 5f736574 0 2b75766d 
_C_6382_506e733c_27f 8c 0 128 0 0 726b6564 0 6520776f 0 6d706172 0 6420636f 0 6720616e 0 636b696e 0 556e7061 0 696e672c 0 5061636b 0 20 
_C_6382_506e733c_22d cc 0 68 1 0 52524f52 0 49435f45 0 454e4552 0 47 
_C_6382_506e733c_1f6 cc 0 78 1 0 4954593d 0 52424f53 0 4d5f5645 0 2b5556 
_C_6382_506e733c_eb 8c 0 368 0 0 2025732e 0 6973743a 0 6564206c 0 6f766964 0 20205072 0 7365642e 0 62652075 0 696c6c20 0 73272077 0 20202725 0 696e652e 0 6e64206c 0 6f6d6d61 0 68652063 0 6f6e2074 0 64656420 0 726f7669 0 74732070 0 756d656e 0 20617267 0 53495459 0 4552424f 0 564d5f56 0 29202b55 0 28253064 0 706c6520 0 756c7469 0 4d 
_C_6382_506e733c_113 cc 0 30 1 0 52474544 0 5450 
_C_6382_506e733c_274 cc 0 60 1 0 5f636273 0 76726567 0 75766d5f 
_C_6382_506e733c_1a4 cc 0 88 1 0 68617365 0 63745f70 0 78747261 0 766d5f65 0 75 
_C_6382_506e733c_150 cc 0 38 1 0 43544852 0 525054 
_C_6382_506e733c_16a cc 0 28 1 0 6567696e 0 62 
_C_6382_506e733c_f8 8c 0 60 0 0 3a253064 0 6d202573 0 2066726f 
_C_6382_506e733c_108 cc 0 40 1 0 6563743e 0 3c6f626a 
_C_6382_506e733c_22 cc 0 108 1 0 5f736571 0 63657373 0 6d5f6163 0 6d5f6d65 0 3a3a7576 0 5f706b67 0 2075766d 0 6c617373 0 63 
_C_6382_506e733c_1ec cc 0 28 1 0 414c4c5f 0 5f 
_C_6382_506e733c_99 cc 0 30 1 0 524d5443 0 5354 
_C_6382_506e733c_12 cc 0 300 1 0 74656d29 0 63655f69 0 7175656e 0 6d5f7365 0 3a3a7576 0 5f706b67 0 2075766d 0 6c617373 0 656d2c63 0 655f6974 0 75656e63 0 5f736571 0 3a75766d 0 706b673a 0 75766d5f 0 61737320 0 2328636c 0 6e636572 0 65717565 0 766d5f73 0 673a3a75 0 6d5f706b 0 73207576 0 636c6173 
_C_6382_506e733c_2 8c 0 70 0 0 61746564 0 206c6f63 0 206e6f74 0 2573 
_C_6382_506e733c_98 cc 0 50 1 0 656c6420 0 6f206669 0 2074 
_C_6382_506e733c_222 cc 0 88 1 0 6e645f65 0 6f6d6d61 0 6c6d5f63 0 766d5f74 0 75 
_C_6382_506e733c_1a9 cc 0 30 1 0 706f7274 0 7265 
_C_6382_506e733c_cc 8c 0 e8 0 0 65637420 0 206f626a 0 20666f72 0 65287329 0 6d706172 0 6973636f 0 3064204d 0 25 
_C_6382_506e733c_149 cc 0 60 1 0 64617461 0 6765725f 0 74726967 
_C_6382_506e733c_1c7 cc 0 130 1 0 74202827 0 6f6e656e 0 636f6d70 0 65206120 0 72656174 0 746f2063 0 67616c20 0 696c6c65 0 20697320 0 4974 
_C_6382_506e733c_af 8c 0 248 0 0 62697473 0 25306420 0 206f6620 0 6f74616c 0 20612074 0 66726f6d 0 69747320 0 30642062 0 65642025 0 7061636b 0 3a20756e 0 7366756c 0 63636573 0 756e7375 0 696f6e20 0 65726174 0 6b206f70 0 6e706163 0 55 
_C_6382_506e733c_159 cc 0 d0 1 0 202d2d2d 0 6d617279 0 2053756d 0 706f7274 0 4d205265 0 2d205556 0 2d2d 
_C_6382_506e733c_264 cc 0 88 1 0 65722027 0 67697374 0 64207265 0 68617265 0 53 
_C_6382_506e733c_3e cc 0 e8 1 0 69656c64 0 65675f66 0 6d5f7672 0 3a3a7576 0 5f706b67 0 2075766d 0 6c617373 0 63 
_C_6382_506e733c_df 8c 0 140 0 0 27257327 0 616d6520 0 7565206e 0 756e6971 0 6e6f6e2d 0 69746820 0 65642077 0 72656174 0 696e2063 0 446f6d61 
_C_6382_506e733c_1d3 cc 0 118 1 0 76656c20 0 702d6c65 0 7220746f 0 6f746865 0 20746f20 0 69717565 0 7420756e 0 73206e6f 0 272069 
_C_6382_506e733c_201 cc 0 38 1 0 56455242 0 4e5354 
_C_6382_506e733c_19a cc 0 100 1 0 2e737668 0 6d61696e 0 6d5f646f 0 652f7576 0 2f626173 0 2f737263 0 2e2f2e2e 0 2e2e2f2e 
_C_6382_506e733c_1c8 cc 0 48 1 0 65722027 0 20756e64 0 27 
_C_6382_506e733c_4c cc 0 40 1 0 45474554 0 51554555 
_C_6382_506e733c_e7 8c 0 3f8 0 0 6f6e5d3e 0 61637469 0 6f6e5b7c 0 61637469 0 793e2c3c 0 65726974 0 3c736576 0 69643e2c 0 703e2c3c 0 3c636f6d 0 696f6e3d 0 5f616374 0 5f736574 0 2b75766d 0 67653a20 0 20557361 0 3d25732c 0 74696f6e 0 745f6163 0 6d5f7365 0 202b7576 0 6d616e64 0 20636f6d 0 6e20746f 0 67697665 0 25732220 0 6e742022 0 67756d65 0 79206172 0 65726974 0 20736576 0 426164 
_C_6382_506e733c_153 cc 0 88 1 0 72766572 0 745f7365 0 65706f72 0 766d5f72 0 75 
_C_6382_506e733c_110 cc 0 58 1 0 6d652027 0 65206e61 0 547970 
_C_6382_506e733c_10b cc 0 80 1 0 203d2022 0 74797065 0 72687320 0 22203a20 
_C_6382_506e733c_61 cc 0 70 1 0 69656c64 0 65675f66 0 6d5f7672 0 7576 
_C_6382_506e733c_1c1 cc 0 40 1 0 646f776e 0 73687574 
_C_6382_506e733c_5b cc 0 c0 1 0 5f636667 0 72617279 0 5f6c6962 0 656e6365 0 73657175 0 75766d5f 
_C_6382_506e733c_2a cc 0 140 1 0 5f736571 0 61746873 0 646c5f70 0 656d5f68 0 65675f6d 0 766d5f72 0 673a3a75 0 6d5f706b 0 73207576 0 636c6173 
_C_6382_506e733c_e5 8c 0 128 0 0 6d652027 0 72206e61 0 756e6465 0 656e7420 0 20706172 0 7320696e 0 78697374 0 64792065 0 6c726561 0 61 
_C_6382_506e733c_b 8c 0 108 0 0 3d202573 0 20257320 0 73206279 0 73292025 0 70652025 0 20287479 0 73257327 0 73202725 0 25 
_C_6382_506e733c_4f cc 0 60 1 0 72646572 0 7265636f 0 75766d5f 
_C_6382_506e733c_c0 8c 0 40 0 0 6c743a0a 0 52657375 
_C_6382_506e733c_a6 8c 0 f8 0 0 72696e67 0 65207374 0 73636f70 0 20696e20 0 65202573 0 206e616d 0 6567616c 0 496c6c 
_C_6382_506e733c_de 8c 0 20 0 0 40253064 
_C_6382_506e733c_20c cc 0 68 1 0 54494f4e 0 4f5f4143 0 564d5f4e 0 55 
_C_6382_506e733c_141 d4 0 20 0 0 8000000 
_C_6382_506e733c_270 cc 0 f8 1 0 74686f64 0 64206d65 0 20726561 0 74696e67 0 78656375 0 6c792065 0 72656e74 0 637572 
_C_6382_506e733c_216 cc 0 18 1 0 55564d 
_C_6382_506e733c_18 cc 0 408 1 0 656d2929 0 655f6974 0 75656e63 0 5f736571 0 3a75766d 0 706b673a 0 75766d5f 0 61737320 0 6d2c636c 0 5f697465 0 656e6365 0 73657175 0 75766d5f 0 6b673a3a 0 766d5f70 0 73732075 0 28636c61 0 6e636523 0 65717565 0 766d5f73 0 673a3a75 0 6d5f706b 0 73207576 0 636c6173 0 63652328 0 7175656e 0 675f7365 0 6d5f7265 0 3a3a7576 0 5f706b67 0 2075766d 0 6c617373 0 63 
_C_6382_506e733c_14b cc 0 88 1 0 6a656374 0 745f6f62 0 65706f72 0 766d5f72 0 75 
_C_6382_506e733c_155 cc 0 18 1 0 204020 
_C_6382_506e733c_e1 8c 0 138 0 0 616d652e 0 6174206e 0 79207468 0 6c642062 0 20636869 0 61732061 0 64792068 0 6c726561 0 63682061 0 776869 
_C_6382_506e733c_1f8 cc 0 40 1 0 56455242 0 4d554c54 
_C_6382_506e733c_1fd cc 0 20 1 0 48494748 
_C_6382_506e733c_1a5 cc 0 38 1 0 72616374 0 657874 
_C_6382_506e733c_279 cc 0 98 1 0 6e636572 0 65717565 0 76652073 0 65637469 0 656666 
_C_6382_506e733c_1f cc 0 130 1 0 5f736571 0 77616c6b 0 676c655f 0 5f73696e 0 5f6d656d 0 3a75766d 0 706b673a 0 75766d5f 0 61737320 0 636c 
_C_6382_506e733c_207 cc 0 b0 1 0 6261636b 0 63616c6c 0 696f6e5f 0 6a656374 0 6d5f6f62 0 7576 
_C_6382_506e733c_1f9 cc 0 40 1 0 4e4f4e45 0 55564d5f 
_C_6382_506e733c_165 cc 0 120 1 0 6e65642e 0 64656669 0 4420756e 0 43415445 0 45505245 0 4e4f5f44 0 55564d5f 0 74682060 0 20207769 
_C_6382_506e733c_b4 8c 0 b8 0 0 65732e0a 0 72726964 0 206f7665 0 76616e74 0 72656c65 0 6e6f20 
_C_6382_506e733c_ca 8c 0 c8 0 0 68253078 0 203d2027 0 20726873 0 3078203a 0 20276825 0 6873203d 0 6c 
_C_6382_506e733c_1bd cc 0 48 1 0 6d61696e 0 6f73745f 0 70 
_C_6382_506e733c_e cc 0 a0 1 0 353a305d 0 5b343039 0 676e6564 0 63207369 0 6c6f6769 
_C_6382_506e733c_36 cc 0 138 1 0 5f636667 0 72617279 0 5f6c6962 0 656e6365 0 73657175 0 75766d5f 0 6b673a3a 0 766d5f70 0 73732075 0 636c61 
_C_6382_506e733c_6c cc 0 80 1 0 5f736571 0 77616c6b 0 6d656d5f 0 75766d5f 
_C_6382_506e733c_1cc cc 0 50 1 0 52454e54 0 49535041 0 5448 
_C_6382_506e733c_118 cc 0 100 1 0 7a652027 0 6f676e69 0 20726563 0 206e6f74 0 646f6573 0 6f727920 0 66616374 0 54686520 
_C_6382_506e733c_17f cc 0 c8 1 0 73652027 0 5f706861 0 66746572 0 6e642061 0 74206669 0 616e6e6f 0 63 
_C_6382_506e733c_27c cc 0 b8 1 0 20202020 0 20202020 0 20202020 0 20202020 0 20202020 0 202020 
_C_6382_506e733c_74 cc 0 c8 1 0 5f736571 0 63657373 0 645f6163 0 68617265 0 65675f73 0 766d5f72 0 75 
_C_6382_506e733c_15d cc 0 208 1 0 2a2a2a2a 0 2a2a2a2a 0 2a2a2a2a 0 20202020 0 20202020 0 54455320 0 45204e4f 0 4c454153 0 54205245 0 5254414e 0 494d504f 0 20202020 0 2a202020 0 2a2a2a2a 0 2a2a2a2a 0 20202a2a 0 a 
_C_6382_506e733c_167 cc 0 1d0 1 0 6365290a 0 6e6f7469 0 68697320 0 66662074 0 726e206f 0 6f207475 0 45532074 0 4c4e4f54 0 4f5f5245 0 564d5f4e 0 79202b55 0 65636966 0 20285370 0 20202020 0 a20 
_C_6382_506e733c_220 d4 0 20 0 0 7000000 
_C_6382_506e733c_1e5 cc 0 40 1 0 46554c4c 0 55564d5f 
_C_6382_506e733c_e6 8c 0 4a0 0 0 6f6e5d3e 0 61637469 0 6f6e5b7c 0 61637469 0 793e2c3c 0 65726974 0 3c736576 0 69643e2c 0 703e2c3c 0 3c636f6d 0 696f6e3d 0 5f616374 0 5f736574 0 2b75766d 0 67653a20 0 20557361 0 3d25732c 0 74696f6e 0 745f6163 0 6d5f7365 0 202b7576 0 6d616e64 0 20636f6d 0 20666f72 0 6976656e 0 30642067 0 6c792025 0 2c206f6e 0 656e7473 0 7267756d 0 20342061 0 69726573 0 72657175 0 696f6e20 0 5f616374 0 5f736574 0 2b75766d 
_C_6382_506e733c_18d cc 0 50 1 0 6f64653d 0 6e645f6e 0 2065 
_C_6382_506e733c_60 cc 0 68 1 0 69656c64 0 65675f66 0 766d5f72 0 75 
_C_6382_506e733c_53 cc 0 150 1 0 70652027 0 66207479 0 6374206f 0 6f626a65 0 20616e20 0 7475726e 0 74207265 0 64206e6f 0 79206469 0 63746f72 0 4661 
_C_6382_506e733c_d8 8c 0 148 0 0 3a253564 0 72747320 0 7265706f 0 494e4720 0 5741524e 0 55564d5f 0 67687420 0 20636175 0 72206f66 0 756d6265 0 4e 
_C_6382_506e733c_13f 94 0 8000 0 0 0 0 0 0 0 0 0 0 0 0 0 0 0 0 0 0 0 0 0 0 0 0 0 0 0 0 0 0 0 0 0 0 0 0 0 0 0 0 0 0 0 0 0 0 0 0 0 0 0 0 0 0 0 0 0 0 0 0 0 0 0 0 0 0 0 0 0 0 0 0 0 0 0 0 0 0 0 0 0 0 0 0 0 0 0 0 0 0 0 0 0 0 0 0 0 0 0 0 0 0 0 0 0 0 0 0 0 0 0 0 0 0 0 0 0 0 0 0 0 0 0 0 0 0 0 0 0 0 0 0 0 0 0 0 0 0 0 0 0 0 0 0 0 0 0 0 0 0 0 0 0 0 0 0 0 0 0 0 0 0 0 0 0 0 0 0 0 0 0 0 0 0 0 0 0 0 0 0 0 0 0 0 0 0 0 0 0 0 0 0 0 0 0 0 0 0 0 0 0 0 0 0 0 0 0 0 0 0 0 0 0 0 0 0 0 0 0 0 0 0 0 0 0 0 0 0 0 0 0 0 0 0 0 0 0 0 0 0 0 0 0 0 0 0 0 0 0 0 0 0 0 0 0 0 0 0 0 0 0 0 0 0 0 0 0 0 0 0 0 0 0 0 0 0 0 0 0 0 0 0 0 0 0 0 0 0 0 0 0 0 0 0 0 0 0 0 0 0 0 0 0 0 0 0 0 0 0 0 0 0 0 0 0 0 0 0 0 0 0 0 0 0 0 0 0 0 0 0 0 0 0 0 0 0 0 0 0 0 0 0 0 0 0 0 0 0 0 0 0 0 0 0 0 0 0 0 0 0 0 0 0 0 0 0 0 0 0 0 0 0 0 0 0 0 0 0 0 0 0 0 0 0 0 0 0 0 0 0 0 0 0 0 0 0 0 0 0 0 0 0 0 0 0 0 0 0 0 0 0 0 0 0 0 0 0 0 0 0 0 0 0 0 0 0 0 0 0 0 0 0 0 0 0 0 0 0 0 0 0 0 0 0 0 0 0 0 0 0 0 0 0 0 0 0 0 0 0 0 0 0 0 0 0 0 0 0 0 0 0 0 0 0 0 0 0 0 0 0 0 0 0 0 0 0 0 0 0 0 0 0 0 0 0 0 0 0 0 0 0 0 0 0 0 0 0 0 0 0 0 0 0 0 0 0 0 0 0 0 0 0 0 0 0 0 0 0 0 0 0 0 0 0 0 0 0 0 0 0 0 0 0 0 0 0 0 0 0 0 0 0 0 0 0 0 0 0 0 0 0 0 0 0 0 0 0 0 0 0 0 0 0 0 0 0 0 0 0 0 0 0 0 0 0 0 0 0 0 0 0 0 0 0 0 0 0 0 0 0 0 0 0 0 0 0 0 0 0 0 0 0 0 0 0 0 0 0 0 0 0 0 0 0 0 0 0 0 0 0 0 0 0 0 0 0 0 0 0 0 0 0 0 0 0 0 0 0 0 0 0 0 0 0 0 0 0 0 0 0 0 0 0 0 0 0 0 0 0 0 0 0 0 0 0 0 0 0 0 0 0 0 0 0 0 0 0 0 0 0 0 0 0 0 0 0 0 0 0 0 0 0 0 0 0 0 0 0 0 0 0 0 0 0 0 0 0 0 0 0 0 0 0 0 0 0 0 0 0 0 0 0 0 0 0 0 0 0 0 0 0 0 0 0 0 0 0 0 0 0 0 0 0 0 0 0 0 0 0 0 0 0 0 0 0 0 0 0 0 0 0 0 0 0 0 0 0 0 0 0 0 0 0 0 0 0 0 0 0 0 0 0 0 0 0 0 0 0 0 0 0 0 0 0 0 0 0 0 0 0 0 0 0 0 0 0 0 0 0 0 0 0 0 0 0 0 0 0 0 0 0 0 0 0 0 0 0 0 0 0 0 0 0 0 0 0 0 0 0 0 0 0 0 0 0 0 0 0 0 0 0 0 0 0 0 0 0 0 0 0 0 0 0 0 0 0 0 0 0 0 0 0 0 0 0 0 0 0 0 0 0 0 0 0 0 0 0 0 0 0 0 0 0 0 0 0 0 0 0 0 0 0 0 0 0 0 0 0 0 0 0 0 0 0 0 0 0 0 0 0 0 0 0 0 0 0 0 0 0 0 0 0 0 0 0 0 0 0 0 0 0 0 0 0 0 0 0 0 0 0 0 0 0 0 0 0 0 0 0 0 0 0 0 0 0 0 0 0 0 0 0 0 0 0 0 0 0 0 0 0 0 0 0 0 0 0 0 0 0 0 0 0 0 0 0 0 0 0 0 0 0 0 0 0 0 0 0 0 0 0 0 0 0 0 0 0 0 0 0 0 0 0 0 0 0 0 0 0 0 0 0 0 0 0 0 0 0 0 0 0 0 0 0 0 0 0 0 0 0 0 0 0 0 0 0 0 0 0 0 0 0 0 0 0 0 0 0 0 0 0 0 0 0 0 0 0 0 0 0 0 0 0 0 0 0 0 0 0 0 0 0 0 0 0 0 0 0 0 0 0 0 0 0 0 0 0 0 0 0 0 0 0 0 0 0 0 0 0 0 0 0 0 0 0 0 0 0 0 0 0 0 0 0 0 0 0 0 0 0 0 0 0 0 0 0 0 0 0 0 0 0 0 0 0 0 0 0 0 0 0 0 0 0 0 0 0 0 0 0 0 0 0 0 0 0 0 0 0 0 0 0 0 0 0 0 0 0 0 0 0 0 0 0 0 0 0 0 0 0 0 0 0 0 0 0 0 0 0 0 0 0 0 0 0 0 0 0 0 0 0 0 0 0 0 0 0 0 0 0 0 0 0 0 0 0 0 0 0 0 0 0 0 0 0 0 0 0 0 0 0 0 0 0 0 0 0 0 0 0 0 0 0 0 0 0 0 0 0 0 0 0 0 0 0 0 0 0 0 0 0 0 0 0 0 0 0 0 0 0 0 0 0 0 0 0 0 0 0 0 0 0 0 0 0 0 0 0 0 0 0 0 0 0 0 0 0 0 0 0 0 0 0 0 0 0 0 0 0 0 0 0 0 0 0 0 0 0 0 0 0 0 0 0 0 0 0 0 0 0 0 0 0 0 0 0 0 0 0 0 0 0 0 0 0 0 0 0 0 0 0 0 0 0 0 0 0 0 0 0 0 0 0 0 0 0 0 0 0 0 0 0 0 0 0 0 0 0 0 0 0 0 0 0 0 0 0 0 0 0 0 0 0 0 0 0 0 0 0 0 0 0 0 0 0 0 0 0 0 0 0 0 0 0 0 0 0 0 0 0 0 0 0 0 0 0 0 0 0 0 0 0 0 0 0 0 0 0 0 0 0 0 0 0 0 0 0 0 0 0 0 0 0 0 0 0 0 0 0 0 0 0 0 0 0 0 0 0 0 0 0 0 0 0 0 0 0 0 0 0 0 0 0 0 0 0 0 0 0 0 0 0 0 0 0 0 0 0 0 0 0 0 0 0 0 0 0 0 0 0 0 0 0 0 0 0 0 0 0 0 0 0 0 0 0 0 0 0 0 0 0 0 0 0 0 0 0 0 0 0 0 0 0 0 0 0 0 0 0 0 0 0 0 0 0 0 0 0 0 0 0 0 0 0 0 0 0 0 0 0 0 0 0 0 0 0 0 0 0 0 0 0 0 0 0 0 0 0 0 0 0 0 0 0 0 0 0 0 0 0 0 0 0 0 0 0 0 0 0 0 0 0 0 0 0 0 0 0 0 0 0 0 0 0 0 0 0 0 0 0 0 0 0 0 0 0 0 0 0 0 0 0 0 0 0 0 0 0 0 0 0 0 0 0 0 0 0 0 0 0 0 0 0 0 0 0 0 0 0 0 0 0 0 0 0 0 0 0 0 0 0 0 0 0 0 0 0 0 0 0 0 0 0 0 0 0 0 0 0 0 0 0 0 0 0 0 0 0 0 0 0 0 0 0 0 0 0 0 0 0 0 0 0 0 0 0 0 0 0 0 0 0 0 0 0 0 0 0 0 0 0 0 0 0 0 0 0 0 0 0 0 0 0 0 0 0 0 0 0 0 0 0 0 0 0 0 0 0 0 0 0 0 0 0 0 0 0 0 0 0 0 0 0 0 0 0 0 0 0 0 0 0 0 0 0 0 0 0 0 0 0 0 0 0 0 0 0 0 0 0 0 0 0 0 0 0 0 0 0 0 0 0 0 0 0 0 0 0 0 0 0 0 0 0 0 0 0 0 0 0 0 0 0 0 0 0 0 0 0 0 0 0 0 0 0 0 0 0 0 0 0 0 0 0 0 0 0 0 0 0 0 0 0 0 0 0 0 0 0 0 0 0 0 0 0 0 0 0 0 0 0 0 0 0 0 0 0 0 0 0 0 0 0 0 0 0 0 0 0 0 0 0 0 0 0 0 0 0 0 0 0 0 0 0 0 0 0 0 0 0 0 0 0 0 0 0 0 0 0 0 0 0 0 0 0 0 0 0 0 0 0 0 0 0 0 0 0 0 0 0 0 0 0 0 0 0 0 0 0 0 0 0 0 0 0 0 0 0 0 0 0 0 0 0 0 0 0 0 0 0 0 0 0 0 0 0 0 0 0 0 0 0 0 0 0 0 0 0 0 0 0 0 0 0 0 0 0 0 0 0 
_C_6382_506e733c_121 cc 0 a0 1 0 52414345 0 44425f54 0 4649475f 0 5f434f4e 0 2b55564d 
_C_6382_506e733c_82 cc 0 128 1 0 2e737668 0 655f6462 0 6f757263 0 5f726573 0 2f75766d 0 62617365 0 7372632f 0 2f2e2e2f 0 2e2f2e2e 0 2e 
_C_6382_506e733c_21d cc 0 48 1 0 6e636572 0 65717565 0 73 
_C_6382_506e733c_fc cc 0 40 1 0 312e3162 0 55564d2d 
_C_6382_506e733c_1d0 cc 0 38 1 0 5f746f70 0 75766d 
_C_6382_506e733c_27b cc 0 90 1 0 6e696e67 0 20576172 0 74696f6e 0 6e6e6563 0 436f 
_C_6382_506e733c_ef 8c 0 20 0 0 27682568 
_C_6382_506e733c_1ad cc 0 48 1 0 65736574 0 72655f72 0 70 
_C_6382_506e733c_fa 8c 0 38 0 0 25306420 0 25733a 
_C_6382_506e733c_28 cc 0 160 1 0 5f736571 0 63657373 0 645f6163 0 68617265 0 656d5f73 0 65675f6d 0 766d5f72 0 673a3a75 0 6d5f706b 0 73207576 0 636c6173 
_C_6382_506e733c_239 cc 0 18 1 0 575253 
_C_6382_506e733c_19 cc 0 e0 1 0 6c6f636b 0 65675f62 0 766d5f72 0 673a3a75 0 6d5f706b 0 73207576 0 636c6173 
_C_6382_506e733c_24a cc 0 18 1 0 574f53 
_C_6382_506e733c_83 cc 0 48 1 0 2f474554 0 46474442 0 43 
_C_6382_506e733c_13a cc 0 38 1 0 203d2022 0 6c6873 
_C_6382_506e733c_240 cc 0 18 1 0 573154 
_C_6382_506e733c_156 cc 0 10 1 0 205b 
_C_6382_506e733c_64 cc 0 58 1 0 5f6d6170 0 5f726567 0 75766d 
_C_6382_506e733c_23f cc 0 18 1 0 573153 
_C_6382_506e733c_20 cc 0 f8 1 0 5f736571 0 77616c6b 0 6d656d5f 0 75766d5f 0 6b673a3a 0 766d5f70 0 73732075 0 636c61 
_C_6382_506e733c_212 cc 0 40 1 0 53544f50 0 55564d5f 
_C_6382_506e733c_68 cc 0 b0 1 0 5f636273 0 6f6e6c79 0 6974655f 0 675f7772 0 6d5f7265 0 7576 
_C_6382_506e733c_4b cc 0 48 1 0 75657565 0 766d5f71 0 75 
_C_6382_506e733c_ff cc 0 50 1 0 616c5f5f 0 676c6f62 0 5f5f 
_C_6382_506e733c_238 cc 0 18 1 0 575243 
_C_6382_506e733c_249 cc 0 18 1 0 574f43 
_C_6382_506e733c_f9 8c 0 58 0 0 2530645d 0 2530642d 0 25735b 
_C_6382_506e733c_17c cc 0 78 1 0 64652027 0 6e206e6f 0 69746869 0 272077 
_C_6382_506e733c_8d cc 0 18 1 0 727370 
_C_6382_506e733c_23e cc 0 18 1 0 573143 
_C_6382_506e733c_163 cc 0 80 1 0 4f544553 0 52454c4e 0 5f4e4f5f 0 2b55564d 
_C_6382_506e733c_245 cc 0 28 1 0 31435253 0 57 
_C_6382_506e733c_a2 cc 0 18 1 0 666373 
_C_6382_506e733c_177 cc 0 38 1 0 4e554c4c 0 50482f 
_C_6382_506e733c_f cc 0 30 1 0 72696e67 0 7374 
_C_6382_506e733c_1be cc 0 b0 1 0 68617365 0 776e5f70 0 7574646f 0 655f7368 0 6d5f7072 0 7576 
_C_6382_506e733c_1a6 cc 0 78 1 0 68617365 0 636b5f70 0 5f636865 0 75766d 
_C_6382_506e733c_129 cc 0 18 1 0 2e2e2e 
_C_6382_506e733c_67 cc 0 a8 1 0 5f636273 0 6f6e6c79 0 6561645f 0 65675f72 0 766d5f72 0 75 
_C_6382_506e733c_259 cc 0 20 1 0 575243 
_C_6382_506e733c_25d cc 0 20 1 0 574f43 
_C_6382_506e733c_50 cc 0 68 1 0 74696f6e 0 626a6563 0 766d5f6f 0 75 
_C_6382_506e733c_1f5 cc 0 60 1 0 5f746f70 0 74657374 0 75766d5f 
_C_6382_506e733c_186 cc 0 98 1 0 6173653d 0 3a207068 0 48415345 0 44445f50 0 292041 
_C_6382_506e733c_b2 8c 0 e0 0 0 6f662027 0 61746820 0 63650a70 0 7374616e 0 6e20696e 0 74682061 0 27207769 
_C_6382_506e733c_1b1 cc 0 50 1 0 65736574 0 73745f72 0 706f 
_C_6382_506e733c_5 8c 0 40 0 0 20253064 0 28257329 
_C_6382_506e733c_40 cc 0 98 1 0 636b6574 0 3a3a5061 0 756e6974 0 73732024 0 636c61 
_C_6382_506e733c_8 8c 0 40 0 0 20253066 0 28257329 
_C_6382_506e733c_251 cc 0 20 1 0 573143 
_C_6382_506e733c_78 cc 0 c8 1 0 5f736571 0 61746873 0 646c5f70 0 656d5f68 0 65675f6d 0 766d5f72 0 75 
_C_6382_506e733c_a 8c 0 40 0 0 20253062 0 28257329 
_C_6382_506e733c_25b cc 0 20 1 0 575253 
_C_6382_506e733c_8b cc 0 110 1 0 2e737668 0 6261636b 0 63616c6c 0 75766d5f 0 6173652f 0 72632f62 0 2e2e2f73 0 2f2e2e2f 0 2e2e 
_C_6382_506e733c_25e cc 0 20 1 0 574f53 
_C_6382_506e733c_1d8 cc 0 50 1 0 706f6f6c 0 656e745f 0 6576 
_C_6382_506e733c_6 8c 0 40 0 0 20253068 0 28257329 
_C_6382_506e733c_253 cc 0 20 1 0 573154 
_C_6382_506e733c_7 8c 0 40 0 0 20253074 0 28257329 
_C_6382_506e733c_124 cc 0 30 1 0 6a656374 0 6f62 
_C_6382_506e733c_71 cc 0 c8 1 0 5f736571 0 63657373 0 655f6163 0 696e676c 0 65675f73 0 766d5f72 0 75 
_C_6382_506e733c_f4 8c 0 28 0 0 25303278 0 20 
_C_6382_506e733c_252 cc 0 20 1 0 573153 
_C_6382_506e733c_9 8c 0 40 0 0 20253073 0 28257329 
_C_6382_506e733c_115 cc 0 118 1 0 72792e20 0 6163746f 0 74682066 0 64207769 0 74657265 0 65676973 0 64792072 0 6c726561 0 272061 
_C_6382_506e733c_206 cc 0 b8 1 0 74696f6e 0 626a6563 0 6b735f6f 0 6c626163 0 5f63616c 0 75766d 
_C_6382_506e733c_1f0 cc 0 80 1 0 696f6e3d 0 5f616374 0 5f736574 0 2b75766d 
_C_6382_506e733c_217 cc 0 28 1 0 6974656d 0 5f 
_C_6382_506e733c_b8 8c 0 68 0 0 54797065 0 6e616c20 0 72696769 0 4f 
_C_6382_506e733c_3 8c 0 e0 0 0 67657374 0 20737567 0 7320746f 0 74697665 0 65726e61 0 20616c74 0 20206e6f 
_C_6382_506e733c_10e cc 0 30 1 0 4c4c5752 0 4e55 
_C_6382_506e733c_56 cc 0 40 1 0 656e743d 0 20506172 
_C_6382_506e733c_25 cc 0 128 1 0 5f736571 0 63657373 0 6d5f6163 0 675f6d65 0 6d5f7265 0 3a3a7576 0 5f706b67 0 2075766d 0 6c617373 0 63 
_C_6382_506e733c_1e cc 0 118 1 0 5f736571 0 62617368 0 6269745f 0 7265675f 0 75766d5f 0 6b673a3a 0 766d5f70 0 73732075 0 636c61 
_C_6382_506e733c_277 cc 0 58 1 0 5f6d6170 0 61756c74 0 646566 
_C_6382_506e733c_1f4 cc 0 40 1 0 726f6f74 0 75766d5f 
_C_6382_506e733c_19c cc 0 28 1 0 75696c64 0 62 
_C_6382_506e733c_bc 8c 0 40 0 0 73253073 0 25732530 
_C_6382_506e733c_247 cc 0 28 1 0 30435253 0 57 
_C_6382_506e733c_d7 8c 0 148 0 0 3a253564 0 73202020 0 706f7274 0 52207265 0 4552524f 0 55564d5f 0 67687420 0 20636175 0 72206f66 0 756d6265 0 4e 
_C_6382_506e733c_15e cc 0 200 1 0 2d2d2d2d 0 2d2d2d2d 0 2d2d2d2d 0 2d2d2d2d 0 2d2d2d2d 0 2d2d2d2d 0 2d2d2d2d 0 2d2d2d2d 0 2d2d2d2d 0 2d2d2d2d 0 2d2d2d2d 0 2d2d2d2d 0 2d2d2d2d 0 2d2d2d2d 0 2d2d2d2d 0 2d2d2d2d 
_C_6382_506e733c_25f cc 0 20 1 0 574f31 
_C_6382_506e733c_2e cc 0 28 1 0 6f676963 0 6c 
_C_6382_506e733c_275 cc 0 38 1 0 5f6d656d 0 75766d 
_C_6382_506e733c_8f cc 0 38 1 0 6f756e74 0 6c5f63 
_C_6382_506e733c_24c cc 0 18 1 0 574f31 
_C_6382_506e733c_62 cc 0 a8 1 0 696e7374 0 6e63655f 0 65717565 0 65675f73 0 766d5f72 0 75 
_C_6382_506e733c_5d cc 0 b8 1 0 656e6365 0 73657175 0 6976655f 0 61757374 0 5f657868 0 75766d 
_C_6382_506e733c_1c9 cc 0 118 1 0 6465642e 0 7320656e 0 65206861 0 70686173 0 696c6420 0 65206275 0 72207468 0 61667465 0 272920 
_C_6382_506e733c_63 cc 0 60 1 0 6974656d 0 7265675f 0 75766d5f 
_C_6382_506e733c_1c cc 0 18 1 0 626974 
_C_6382_506e733c_9e cc 0 20 1 0 64617461 
_C_6382_506e733c_204 cc 0 40 1 0 72746572 0 7265706f 
_C_6382_506e733c_92 cc 0 88 1 0 73697a65 0 6f6e732e 0 61637469 0 62737472 0 61 
_C_6382_506e733c_27e 8c 0 98 0 0 73202564 0 20626974 0 20706b64 0 65206f66 0 53697a 
_C_6382_506e733c_223 cc 0 78 1 0 61747573 0 655f7374 0 706f6e73 0 726573 
_C_6382_506e733c_185 cc 0 10 1 0 2028 
_C_6382_506e733c_1fa cc 0 20 1 0 4e4f4e45 
_C_6382_506e733c_5a cc 0 88 1 0 6974656d 0 6e63655f 0 65717565 0 766d5f73 0 75 
_C_6382_506e733c_33 cc 0 40 1 0 373a305d 0 6269745b 
_C_6382_506e733c_1bf cc 0 60 1 0 646f776e 0 73687574 0 7072655f 
_C_6382_506e733c_1f7 cc 0 10 1 0 2c20 
_C_6382_506e733c_130 cc 0 10 1 0 2920 
_C_6382_506e733c_191 cc 0 58 1 0 524e414c 0 494e5445 0 50482f 
_C_6382_506e733c_148 cc 0 60 1 0 74696d65 0 6765725f 0 74726967 
_C_6382_506e733c_52 cc 0 20 1 0 6e756c6c 
_C_6382_506e733c_f2 8c 0 2a0 0 0 25306429 0 7a652028 0 652e7369 0 6e61626c 0 74655f65 0 6d5f6279 0 68616e20 0 65722074 0 72656174 0 64292067 0 20282530 0 65727479 0 70726f70 0 67746820 0 5f6c656e 0 61626c65 0 655f656e 0 5f627974 0 6179206d 0 20617272 0 44617461 
_C_6382_506e733c_261 cc 0 110 1 0 2e737668 0 69656c64 0 65675f66 0 766d5f72 0 65672f75 0 72632f72 0 2e2e2f73 0 2f2e2e2f 0 2e2e 
_C_6382_506e733c_14a cc 0 48 1 0 61636b73 0 616c6c62 0 63 
_C_6382_506e733c_214 cc 0 150 1 0 6f6e3a20 0 65737369 0 65787072 0 6c617220 0 72656775 0 74686520 0 696c6520 0 636f6d70 0 20746f20 0 61626c65 0 556e 
_C_6382_506e733c_12c cc 0 20 1 0 53697a65 
_C_6382_506e733c_a9 8c 0 30 0 0 7325306f 0 2530 
_C_6382_506e733c_226 cc 0 60 1 0 79746529 0 61792862 0 64617272 
_C_6382_506e733c_b9 8c 0 68 0 0 50617468 0 6e636520 0 6e737461 0 49 
_C_6382_506e733c_26a cc 0 a0 1 0 72656164 0 696e6720 0 79206265 0 656e746c 0 63757272 
_C_6382_506e733c_1c2 cc 0 b8 1 0 68617365 0 776e5f70 0 7574646f 0 745f7368 0 5f706f73 0 75766d 
_C_6382_506e733c_ae 8c 0 160 0 0 6e756c6c 0 76732e20 0 25306420 0 20257340 0 6a656374 0 72206f62 0 2920666f 0 72652873 0 6f6d7061 0 4d697363 0 25306420 
_C_6382_506e733c_23d cc 0 20 1 0 57435253 
_C_6382_506e733c_aa 8c 0 30 0 0 73253064 0 2530 
_C_6382_506e733c_21e c4 0 fc0 0 0 0 0 0 0 0 0 0 0 0 0 0 0 0 0 0 0 0 0 0 0 0 0 0 0 0 0 0 0 0 0 0 0 0 0 0 0 0 0 0 0 0 0 0 0 0 0 0 0 0 0 0 0 0 0 0 0 0 0 0 0 0 0 0 0 0 0 0 0 0 0 0 0 0 0 0 0 0 0 0 0 0 0 0 0 0 0 0 0 0 0 0 0 0 0 0 0 0 0 0 0 0 0 0 0 0 0 0 0 0 0 0 0 0 0 0 0 0 0 0 0 0 0 0 0 0 0 0 0 0 0 0 0 0 0 0 0 0 0 0 0 0 0 0 0 0 0 0 0 0 0 0 0 0 0 0 0 0 0 0 0 0 0 0 0 0 0 0 0 0 0 0 0 0 0 0 0 0 0 0 0 0 0 0 0 0 0 0 0 0 0 0 0 0 0 0 0 0 0 0 0 0 0 0 0 0 0 0 0 0 0 0 0 0 0 0 0 0 0 0 0 0 0 0 0 0 0 0 0 0 0 0 0 0 0 0 0 0 0 0 0 0 0 0 0 0 0 0 0 0 0 0 
