100 100
>99999999999999999999999999999999999999999999999999999999999999999999999999999999999999999999999999<
1 100
1 100
1 100
1 100
1 100
1 100
1 100
1 100
1 100
1 100
1 100
1 100
1 100
1 100
1 100
1 100
1 100
1 100
1 100
1 100
1 100
1 100
1 100
1 100
1 100
1 100
1 100
1 100
1 100
1 100
1 100
1 100
1 100
1 100
1 100
1 100
1 100
1 100
1 100
1 100
1 100
1 100
1 100
1 100
1 100
1 100
1 100
1 100
1 100
1 100
1 100
1 100
1 100
1 100
1 100
1 100
1 100
1 100
1 100
1 100
1 100
1 100
1 100
1 100
1 100
1 100
1 100
1 100
1 100
1 100
1 100
1 100
1 100
1 100
1 100
1 100
1 100
1 100
1 100
1 100
1 100
1 100
1 100
1 100
1 100
1 100
1 100
1 100
1 100
1 100
1 100
1 100
1 100
1 100
1 100
1 100
1 100
1 100
1 100
1 100
1 100
1 100
1 100
1 100
1 100
1 100
1 100
1 100
1 100
1 100
