9      1
9      2
9      3
9      4
9      5
9      6
9      7
9      8
9      9
1     10
1     11
1     12
1     13
1     14
1     15
1     16
1     17
1     18
1     19
2     20
2     21
2     22
2     23
2     24
2     25
2     26
2     27
2     28
2     29
3     30
3     31
3     32
3     33
3     34
3     35
3     36
3     37
3     38
3     39
4     40
4     41
4     42
4     43
4     44
4     45
4     46
4     47
4     48
4     49
5     50
5     51
5     52
5     53
5     54
5     55
5     56
5     57
5     58
5     59
6     60
6     61
6     62
6     63
6     64
6     65
6     66
6     67
6     68
6     69
0     70
0     71
0     72
0     73
0     74
0     75
0     76
0     77
0     78
0     79
8     80
8     81
8     82
8     83
8     84
8     85
8     86
8     87
8     88
8     89
9     90
9     91
9     92
9     93
9     94
9     95
9     96
9     97
9     98
9     99
