Target  Ideal      Simulated  Simulated(Min)  Simulated(Max)  Simulated(Avg)
1000    7485.47    7409       5033            13402           7408.09
2000    16356.73   16360      11071           31304           16364.28
3000    25751.24   25890      17628           48502           25882.39
4000    35485.56   35378      25353           60472           35376.56
5000    45472.54   45627      31694           70744           45629.66
6000    55660.88   55598      39326           97896           55593.56
7000    66016.66   65891      45172           122641          65889.79
8000    76515.79   76680      56240           133528          76675.96
9000    87140.25   87144      62363           155085          87140.61
10000   97876.06   98141      71793           179890          98139.62
11000   108712.02  108410     77798           194615          108409.85
12000   119639.03  119568     86155           261964          119553.51
13000   130649.46  130272     94169           246342          130272.64
14000   141736.89  141911     101728          270021          141910.38
